RES NODE          22         105
                   5           6           7           8          10          11
                  12          13          14          15          16          18
                  19          20          21          22          23          24
                  26          27          28          29          30          31
                  32          33          34          36          37          38
                  39          40          41          42          43          45
                  46          47          48          49          50          51
                  54          55          56          57          58          59
                  60          62          63          64          65          66
                  67          68          69          70          72          73
                  74          75          76          77          78          80
                  81          82          83          84          85          86
                  87          88          89          90          91          92
                  93          94          95          96          97          98
                  99         100         101         102         103         104
                 105         106         107         108         109         110
                 111         112         113         114         115         116
                 117         118         119
COMM PE            2
RECV PE           20           6
                  44          52          53          61          71          79
RECV PE           23           8
                   1           2           3           4           9          17
                  25          35
SEND PE           20           5
                  34          43          51          60          70
SEND PE           23           8
                   5           6           7           8          10          16
                  24          34
