 Shinacock Inlet Coarse Grid                                                    
     180     119
       1     -0.724710384158E+02      0.408472016553E+02      0.265434694290E+01
       2     -0.724722839990E+02      0.408492387816E+02      0.132562637330E+01
       3     -0.724736414968E+02      0.408511501727E+02      0.944184839700E+00
       4     -0.724699502889E+02      0.408452317668E+02      0.985569536700E+00
       5     -0.724696206130E+02      0.408478913281E+02      0.559814882280E+01
       6     -0.724708692084E+02      0.408497146436E+02      0.112806165220E+01
       7     -0.724720889040E+02      0.408516096910E+02      0.131751966480E+01
       8     -0.724733590120E+02      0.408539363331E+02      0.996930599200E+00
       9     -0.724751815893E+02      0.408531067333E+02      0.107807159420E+01
      10     -0.724683832524E+02      0.408464315355E+02      0.117524132100E+00
      11     -0.724681265593E+02      0.408492047777E+02      0.330886149410E+01
      12     -0.724695103385E+02      0.408501997923E+02      0.521832180020E+01
      13     -0.724704069834E+02      0.408521528361E+02      0.195719301700E+01
      14     -0.724715710179E+02      0.408539298955E+02      0.213003540040E+01
      15     -0.724721761448E+02      0.408565839451E+02      0.289928174020E+01
      16     -0.724747047004E+02      0.408564488292E+02      0.256678128240E+01
      17     -0.724765728542E+02      0.408551905419E+02      0.154731011390E+01
      18     -0.724667900628E+02      0.408473539084E+02      0.343978524200E+00
      19     -0.724649018808E+02      0.408507748718E+02      0.169881892200E+01
      20     -0.724667062460E+02      0.408512456967E+02      0.200293684010E+01
      21     -0.724686546801E+02      0.408520269141E+02      0.479175567630E+01
      22     -0.724697561487E+02      0.408549862702E+02      0.379031825070E+01
      23     -0.724699019284E+02      0.408583691588E+02      0.272782969470E+01
      24     -0.724735498558E+02      0.408598330582E+02      0.292327356340E+01
      25     -0.724773822826E+02      0.408580658738E+02      0.290338683130E+01
      26     -0.724646099087E+02      0.408475216125E+02     -0.230079591300E+00
      27     -0.724630800907E+02      0.408501129889E+02     -0.211759694000E-01
      28     -0.724626338858E+02      0.408529699599E+02      0.382087111470E+01
      29     -0.724652246093E+02      0.408545845893E+02      0.193243336680E+01
      30     -0.724675336246E+02      0.408538155621E+02      0.159638679030E+01
      31     -0.724676702375E+02      0.408562983462E+02      0.183334708210E+01
      32     -0.724660937868E+02      0.408587714424E+02      0.281913828850E+01
      33     -0.724696086339E+02      0.408617831562E+02      0.284071898460E+01
      34     -0.724733808958E+02      0.408638121544E+02      0.280584836010E+01
      35     -0.724773521938E+02      0.408613721827E+02      0.293182730670E+01
      36     -0.724621362723E+02      0.408484859115E+02      0.846118807800E+00
      37     -0.724607946389E+02      0.408502048792E+02      0.277054524420E+01
      38     -0.724596850346E+02      0.408538827769E+02      0.279148340230E+01
      39     -0.724627076380E+02      0.408564676880E+02      0.273721194270E+01
      40     -0.724623767447E+02      0.408601572642E+02      0.285339212420E+01
      41     -0.724657663741E+02      0.408623837893E+02      0.287613177300E+01
      42     -0.724681905955E+02      0.408661344132E+02      0.263629078870E+01
      43     -0.724739630298E+02      0.408677380261E+02      0.278210949900E+01
      44     -0.724784640358E+02      0.408648264667E+02      0.272775506970E+01
      45     -0.724584887067E+02      0.408500791010E+02      0.113830065730E+01
      46     -0.724558468301E+02      0.408554017699E+02      0.298565196990E+01
      47     -0.724595628775E+02      0.408573855822E+02      0.282858490940E+01
      48     -0.724581808743E+02      0.408607866532E+02      0.303635764120E+01
      49     -0.724620993183E+02      0.408641998349E+02      0.295192646980E+01
      50     -0.724629354775E+02      0.408683360107E+02      0.268318271640E+01
      51     -0.724691404337E+02      0.408712080429E+02      0.275374865530E+01
      52     -0.724759506076E+02      0.408714680769E+02      0.276553225520E+01
      53     -0.724804022802E+02      0.408680960513E+02      0.271038460730E+01
      54     -0.724540058571E+02      0.408502850129E+02      0.105583429340E+01
      55     -0.724509313744E+02      0.408563665439E+02      0.150000000000E+01
      56     -0.724540149219E+02      0.408603210316E+02      0.289760112760E+01
      57     -0.724564628134E+02      0.408653972280E+02      0.288937234880E+01
      58     -0.724580164865E+02      0.408706997096E+02      0.285745668410E+01
      59     -0.724635320288E+02      0.408726856981E+02      0.281410384180E+01
      60     -0.724667399762E+02      0.408767746762E+02      0.268299269680E+01
      61     -0.724728133700E+02      0.408752706027E+02      0.291550254820E+01
      62     -0.724497750000E+02      0.408517130000E+02      0.100000000000E+01
      63     -0.724459470000E+02      0.408539460000E+02      0.102143144610E+01
      64     -0.724463940038E+02      0.408584232200E+02      0.100999999050E+01
      65     -0.724497263032E+02      0.408629893172E+02      0.304266047480E+01
      66     -0.724519459892E+02      0.408685420094E+02      0.310672402380E+01
      67     -0.724541965961E+02      0.408739239219E+02      0.282236313820E+01
      68     -0.724600877487E+02      0.408761454565E+02      0.286900615690E+01
      69     -0.724632090000E+02      0.408814350000E+02      0.100999999050E+01
      70     -0.724675540000E+02      0.408823010000E+02      0.100999999050E+01
      71     -0.724717577136E+02      0.408794357708E+02      0.252576565740E+01
      72     -0.724417150000E+02      0.408551740000E+02      0.758648037900E+00
      73     -0.724432383121E+02      0.408619717601E+02      0.123944556710E+01
      74     -0.724453481631E+02      0.408673377663E+02      0.233528161050E+01
      75     -0.724488390207E+02      0.408726051946E+02      0.235468816760E+01
      76     -0.724504410000E+02      0.408777300000E+02      0.100999999050E+01
      77     -0.724547260000E+02      0.408788670000E+02      0.100999999050E+01
      78     -0.724589360000E+02      0.408802560000E+02      0.101001048090E+01
      79     -0.724719690000E+02      0.408827050000E+02      0.100999999050E+01
      80     -0.724384138298E+02      0.408601218122E+02      0.100999999050E+01
      81     -0.724373570000E+02      0.408559590000E+02      0.699999988100E+00
      82     -0.724381600000E+02      0.408659680000E+02      0.100999999050E+01
      83     -0.724400250000E+02      0.408699520000E+02      0.313899993900E+01
      84     -0.724442180480E+02      0.408724625855E+02      0.288001942630E+01
      85     -0.724460530000E+02      0.408774060000E+02      0.105164599420E+01
      86     -0.724331410000E+02      0.408573290000E+02      0.699999988100E+00
      87     -0.724348770000E+02      0.408630240000E+02      0.100999999050E+01
      88     -0.724402810000E+02      0.408743430000E+02      0.100999999050E+01
      89     -0.724423712010E+02      0.408761915102E+02      0.183079087730E+01
      90     -0.724420010000E+02      0.408790690000E+02      0.133012735840E+01
      91     -0.724307240000E+02      0.408615580000E+02      0.100999999050E+01
      92     -0.724289440000E+02      0.408587570000E+02      0.100942873950E+01
      93     -0.724382940000E+02      0.408782930000E+02      0.100999999050E+01
      94     -0.724385890000E+02      0.408825820000E+02      0.153874242310E+01
      95     -0.724405310000E+02      0.408831430000E+02      0.180764985080E+01
      96     -0.724265010000E+02      0.408623460000E+02      0.100999999050E+01
      97     -0.724247210000E+02      0.408601030000E+02      0.100999999050E+01
      98     -0.724235164006E+02      0.408627903143E+02      0.161800003050E+01
      99     -0.724245301716E+02      0.408659831707E+02      0.100999999050E+01
     100     -0.724204340000E+02      0.408612330000E+02      0.101230502130E+01
     101     -0.724209971858E+02      0.408635493906E+02      0.161800003050E+01
     102     -0.724224842031E+02      0.408650011339E+02      0.161800003050E+01
     103     -0.724222964817E+02      0.408671891482E+02      0.161800003050E+01
     104     -0.724226270000E+02      0.408701270000E+02      0.144339394570E+01
     105     -0.724184584887E+02      0.408638856514E+02      0.161800003050E+01
     106     -0.724161330000E+02      0.408622940000E+02      0.103369402890E+01
     107     -0.724204637140E+02      0.408657249903E+02      0.161800003050E+01
     108     -0.724206662213E+02      0.408683097001E+02      0.153193354610E+01
     109     -0.724197330000E+02      0.408708420000E+02      0.100999999050E+01
     110     -0.724220540000E+02      0.408745150000E+02      0.100999999050E+01
     111     -0.724155446308E+02      0.408643858073E+02      0.141181159020E+01
     112     -0.724166438419E+02      0.408656825127E+02      0.100999999050E+01
     113     -0.724186070000E+02      0.408665660000E+02      0.100999999050E+01
     114     -0.724126060000E+02      0.408645610000E+02      0.100999999050E+01
     115     -0.724196710000E+02      0.408752570000E+02      0.130676102640E+01
     116     -0.724210250000E+02      0.408786250000E+02      0.100999999050E+01
     117     -0.724142404505E+02      0.408662845999E+02      0.100999999050E+01
     118     -0.724154700000E+02      0.408674690000E+02      0.100999999050E+01
     119     -0.724126220000E+02      0.408689510000E+02      0.100999999050E+01
       1       3       4       5       1
       2       3       1       5       6
       3       3       2       1       6
       4       3       2       6       7
       5       3       2       7       3
       6       3       8       3       7
       7       3       9       3       8
       8       3       4      10       5
       9       3      10      11       5
      10       3      12       5      11
      11       3      12       6       5
      12       3      12      13       6
      13       3       6      13       7
      14       3      14       7      13
      15       3      14       8       7
      16       3      14      15       8
      17       3      15      16       8
      18       3       9       8      16
      19       3      16      17       9
      20       3      18      11      10
      21       3      18      19      11
      22       3      19      20      11
      23       3      11      20      21
      24       3      12      11      21
      25       3      12      21      13
      26       3      21      22      13
      27       3      14      13      22
      28       3      14      22      15
      29       3      23      15      22
      30       3      23      24      15
      31       3      24      16      15
      32       3      24      25      16
      33       3      16      25      17
      34       3      18      26      19
      35       3      26      27      19
      36       3      28      19      27
      37       3      28      29      19
      38       3      19      29      20
      39       3      30      20      29
      40       3      30      21      20
      41       3      30      22      21
      42       3      30      31      22
      43       3      31      23      22
      44       3      31      32      23
      45       3      23      32      33
      46       3      33      24      23
      47       3      33      34      24
      48       3      34      35      24
      49       3      35      25      24
      50       3      36      27      26
      51       3      36      37      27
      52       3      28      27      37
      53       3      37      38      28
      54       3      28      38      39
      55       3      39      29      28
      56       3      39      32      29
      57       3      29      32      31
      58       3      30      29      31
      59       3      32      39      40
      60       3      32      40      41
      61       3      32      41      33
      62       3      33      41      42
      63       3      34      33      42
      64       3      34      42      43
      65       3      34      43      44
      66       3      44      35      34
      67       3      37      45      38
      68       3      38      45      46
      69       3      47      38      46
      70       3      38      47      39
      71       3      39      47      40
      72       3      47      48      40
      73       3      40      48      49
      74       3      49      41      40
      75       3      49      42      41
      76       3      50      42      49
      77       3      51      42      50
      78       3      43      42      51
      79       3      43      51      52
      80       3      43      52      53
      81       3      44      43      53
      82       3      46      45      54
      83       3      54      55      46
      84       3      55      56      46
      85       3      46      56      48
      86       3      47      46      48
      87       3      56      57      48
      88       3      49      48      57
      89       3      50      49      57
      90       3      58      50      57
      91       3      58      59      50
      92       3      59      51      50
      93       3      51      59      60
      94       3      51      60      61
      95       3      52      51      61
      96       3      62      55      54
      97       3      55      62      63
      98       3      63      64      55
      99       3      55      64      65
     100       3      56      55      65
     101       3      56      65      57
     102       3      66      57      65
     103       3      66      58      57
     104       3      67      58      66
     105       3      67      68      58
     106       3      68      59      58
     107       3      68      60      59
     108       3      68      69      60
     109       3      70      60      69
     110       3      70      71      60
     111       3      61      60      71
     112       3      63      72      64
     113       3      72      73      64
     114       3      64      73      65
     115       3      74      65      73
     116       3      74      66      65
     117       3      66      74      75
     118       3      66      75      67
     119       3      76      67      75
     120       3      77      67      76
     121       3      68      67      77
     122       3      68      77      78
     123       3      69      68      78
     124       3      71      70      79
     125       3      80      72      81
     126       3      80      73      72
     127       3      80      82      73
     128       3      73      82      74
     129       3      82      83      74
     130       3      83      84      74
     131       3      75      74      84
     132       3      75      84      85
     133       3      76      75      85
     134       3      80      81      86
     135       3      87      80      86
     136       3      80      87      82
     137       3      88      84      83
     138       3      89      84      88
     139       3      85      84      89
     140       3      85      89      90
     141       3      92      91      86
     142       3      91      87      86
     143       3      93      89      88
     144       3      93      90      89
     145       3      90      93      94
     146       3      90      94      95
     147       3      92      96      91
     148       3      97      96      92
     149       3      96      97      98
     150       3      99      96      98
     151       3     100      98      97
     152       3     101      98     100
     153       3      98     101     102
     154       3      98     102      99
     155       3      99     102     103
     156       3     104      99     103
     157       3     105     100     106
     158       3     105     101     100
     159       3     105     107     101
     160       3     101     107     102
     161       3     102     107     103
     162       3     107     108     103
     163       3     104     103     108
     164       3     109     104     108
     165       3     110     104     109
     166       3     105     106     111
     167       3     105     111     112
     168       3     113     105     112
     169       3     105     113     107
     170       3     114     111     106
     171       3     108     107     113
     172       3     108     113     109
     173       3     109     115     110
     174       3     110     115     116
     175       3     114     117     111
     176       3     117     112     111
     177       3     117     118     112
     178       3     118     113     112
     179       3     117     114     119
     180       3     119     118     117
 0                    ! Number of open boundaries                               
 0                   ! Total number of open boundary nodes                      
 1 = Number of land boundaries                                                  
 44 = Total number of land boundary nodes                                       
      44       0  = Number of nodes for land boundary 1                         
       4
      10
      18
      26
      36
      37
      45
      54
      62
      63
      72
      81
      86
      92
      97
     100
     106
     114
     119
     118
     113
     109
     115
     116
     110
     104
      99
      96
      91
      87
      82
      83
      88
      93
      94
      95
      90
      85
      76
      77
      78
      69
      70
      79
