RES NODE          18          95
                   8           9          10          11          12          13
                  16          17          18          19          20          21
                  22          23          24          28          29          30
                  31          32          33          34          35          36
                  37          42          43          44          45          46
                  47          48          49          50          51          54
                  55          56          57          58          59          60
                  61          62          63          64          69          70
                  71          72          73          74          75          76
                  77          78          79          81          82          83
                  84          85          86          87          88          89
                  90          91          93          94          95          96
                  97          98          99         100         101         102
                 104         105         106         107         108         109
                 110         111         115         116         117         118
                 119         120         122         123         124
COMM PE            5
RECV PE           16          10
                 112         113         121         125         126         127
                 128         129         130         131
RECV PE           17           9
                  38          39          52          65          66          80
                  92         103         114
RECV PE           19          10
                   1           7          15          26          27          40
                  41          53          67          68
RECV PE           24           4
                   2           3           4           5
RECV PE           30           3
                   6          14          25
SEND PE           16           9
                 101         102         111         118         119         120
                 122         123         124
SEND PE           17           8
                  24          37          51          63          64          79
                  91         102
SEND PE           19          10
                   8          16          28          42          43          54
                  55          69          81          82
SEND PE           24           5
                   8           9          10          11          12
SEND PE           30           3
                  12          13          24
