 Shinacock Inlet Coarse Grid                                                    
     219     131
       1     -0.722866484963E+02      0.408276012228E+02      0.316838912964E+02
       2     -0.722889302331E+02      0.408150688201E+02      0.336197624207E+02
       3     -0.722917480858E+02      0.408005184828E+02      0.354427185059E+02
       4     -0.722899142338E+02      0.407887747254E+02      0.370020523071E+02
       5     -0.722933028638E+02      0.407764474129E+02      0.381778182983E+02
       6     -0.723017442642E+02      0.407645446686E+02      0.391217842102E+02
       7     -0.722950263632E+02      0.408390117329E+02      0.293515720367E+02
       8     -0.722980978471E+02      0.408247812124E+02      0.314861621857E+02
       9     -0.722988075789E+02      0.408113237351E+02      0.330903015137E+02
      10     -0.723034759803E+02      0.408001173623E+02      0.343576850891E+02
      11     -0.723008422653E+02      0.407883779705E+02      0.361291313171E+02
      12     -0.723044144102E+02      0.407761134536E+02      0.375408973694E+02
      13     -0.723146231107E+02      0.407695690346E+02      0.377670516968E+02
      14     -0.723125198799E+02      0.407587490174E+02      0.394081268311E+02
      15     -0.723056471814E+02      0.408443978690E+02      0.268398532867E+02
      16     -0.723050697665E+02      0.408343757423E+02      0.298558063507E+02
      17     -0.723099530438E+02      0.408264163820E+02      0.304914436340E+02
      18     -0.723073667702E+02      0.408177510915E+02      0.317871990204E+02
      19     -0.723078864700E+02      0.408087379517E+02      0.329277801514E+02
      20     -0.723141394901E+02      0.408025405313E+02      0.334051818848E+02
      21     -0.723121410107E+02      0.407930506021E+02      0.347198104858E+02
      22     -0.723119353375E+02      0.407823316755E+02      0.362013015747E+02
      23     -0.723208125479E+02      0.407782299211E+02      0.361921234131E+02
      24     -0.723273961993E+02      0.407707533178E+02      0.371020011902E+02
      25     -0.723231604098E+02      0.407591944846E+02      0.389497032166E+02
      26     -0.723214682745E+02      0.408543952084E+02      0.225354061127E+02
      27     -0.723168839597E+02      0.408473187513E+02      0.230388450623E+02
      28     -0.723128091477E+02      0.408402894494E+02      0.271733913422E+02
      29     -0.723155956879E+02      0.408339103504E+02      0.287984695435E+02
      30     -0.723201810890E+02      0.408277318048E+02      0.290670738220E+02
      31     -0.723173830202E+02      0.408201368049E+02      0.307096252441E+02
      32     -0.723160931960E+02      0.408121641021E+02      0.319025650024E+02
      33     -0.723221613792E+02      0.408068922544E+02      0.324405746460E+02
      34     -0.723232048258E+02      0.407980044345E+02      0.335360450745E+02
      35     -0.723211001907E+02      0.407879881431E+02      0.348554954529E+02
      36     -0.723291215289E+02      0.407823207877E+02      0.351735343933E+02
      37     -0.723355729213E+02      0.407781757407E+02      0.354647369385E+02
      38     -0.723389423920E+02      0.407713310637E+02      0.364800033569E+02
      39     -0.723344943978E+02      0.407628852840E+02      0.380510406494E+02
      40     -0.723367934682E+02      0.408611713638E+02      0.199049930573E+02
      41     -0.723304424530E+02      0.408558949489E+02      0.221271247864E+02
      42     -0.723280210149E+02      0.408486268749E+02      0.238024101257E+02
      43     -0.723217245028E+02      0.408412988052E+02      0.254215812683E+02
      44     -0.723249459839E+02      0.408346334096E+02      0.270372943878E+02
      45     -0.723293120243E+02      0.408284592820E+02      0.281878643036E+02
      46     -0.723259203829E+02      0.408224361730E+02      0.297440929413E+02
      47     -0.723263714724E+02      0.408150417042E+02      0.309174613953E+02
      48     -0.723302026098E+02      0.408070088695E+02      0.318839282990E+02
      49     -0.723336260999E+02      0.408001211617E+02      0.324799842834E+02
      50     -0.723304270955E+02      0.407915553673E+02      0.338435554504E+02
      51     -0.723390086198E+02      0.407869272338E+02      0.340381050110E+02
      52     -0.723441798450E+02      0.407799699325E+02      0.347833480835E+02
      53     -0.723436601314E+02      0.408671604269E+02      0.168911323547E+02
      54     -0.723451929490E+02      0.408605380079E+02      0.189102535248E+02
      55     -0.723383169813E+02      0.408536920779E+02      0.219439086914E+02
      56     -0.723370164823E+02      0.408461376924E+02      0.238564643860E+02
      57     -0.723302226645E+02      0.408412467786E+02      0.252374954224E+02
      58     -0.723332888964E+02      0.408347758603E+02      0.264534206390E+02
      59     -0.723368150331E+02      0.408292450410E+02      0.277541904449E+02
      60     -0.723349446915E+02      0.408220229015E+02      0.294228916168E+02
      61     -0.723361794040E+02      0.408145069057E+02      0.305955619812E+02
      62     -0.723391975929E+02      0.408074937206E+02      0.311670417786E+02
      63     -0.723431695213E+02      0.408014981356E+02      0.316906070709E+02
      64     -0.723385519278E+02      0.407948157679E+02      0.329690475464E+02
      65     -0.723462689235E+02      0.407945254611E+02      0.326102561951E+02
      66     -0.723490018220E+02      0.407877086824E+02      0.333313522339E+02
      67     -0.723501460616E+02      0.408745428266E+02      0.102146282196E+02
      68     -0.723584587630E+02      0.408802616584E+02      0.381582641600E+01
      69     -0.723513190818E+02      0.408671778223E+02      0.160576457977E+02
      70     -0.723536981092E+02      0.408605305962E+02      0.178257522583E+02
      71     -0.723477272600E+02      0.408543709913E+02      0.198948650360E+02
      72     -0.723441341335E+02      0.408486569637E+02      0.220826606750E+02
      73     -0.723451454889E+02      0.408416264381E+02      0.242811698914E+02
      74     -0.723377426258E+02      0.408398670385E+02      0.250646648407E+02
      75     -0.723415976439E+02      0.408345710174E+02      0.263627262115E+02
      76     -0.723438041844E+02      0.408274428460E+02      0.279262428284E+02
      77     -0.723444394724E+02      0.408204885859E+02      0.292732009888E+02
      78     -0.723444101767E+02      0.408138016780E+02      0.303793716431E+02
      79     -0.723483093372E+02      0.408085863049E+02      0.306327228546E+02
      80     -0.723517015413E+02      0.408018823801E+02      0.312338123322E+02
      81     -0.723573147945E+02      0.408733298063E+02      0.726411008830E+01
      82     -0.723644472753E+02      0.408781335495E+02      0.317791509630E+01
      83     -0.723587221267E+02      0.408671827920E+02      0.141410846710E+02
      84     -0.723610679931E+02      0.408626033954E+02      0.156107997894E+02
      85     -0.723605142475E+02      0.408568140665E+02      0.179360122681E+02
      86     -0.723545974020E+02      0.408538945050E+02      0.192641201019E+02
      87     -0.723517694188E+02      0.408474421544E+02      0.214764881134E+02
      88     -0.723523501679E+02      0.408402870186E+02      0.236676864624E+02
      89     -0.723491499232E+02      0.408338367271E+02      0.259387130737E+02
      90     -0.723527564940E+02      0.408261392188E+02      0.273444862366E+02
      91     -0.723527316284E+02      0.408170352254E+02      0.298260231018E+02
      92     -0.723562892876E+02      0.408089742581E+02      0.302716121674E+02
      93     -0.723636286650E+02      0.408722474755E+02      0.788549423220E+01
      94     -0.723700186085E+02      0.408760276371E+02      0.345697593690E+01
      95     -0.723669745741E+02      0.408673552145E+02      0.106509008408E+02
      96     -0.723661027195E+02      0.408605021467E+02      0.157906637192E+02
      97     -0.723674108656E+02      0.408541331327E+02      0.174732341766E+02
      98     -0.723598934260E+02      0.408502482453E+02      0.198761386871E+02
      99     -0.723583535835E+02      0.408433982063E+02      0.221877956390E+02
     100     -0.723573204565E+02      0.408350372601E+02      0.245273532867E+02
     101     -0.723606173237E+02      0.408292453768E+02      0.256946887970E+02
     102     -0.723611153045E+02      0.408220525751E+02      0.279952011108E+02
     103     -0.723603488517E+02      0.408147947853E+02      0.295026321411E+02
     104     -0.723734627591E+02      0.408692145606E+02      0.680053710940E+01
     105     -0.723753834416E+02      0.408744897496E+02      0.445689487460E+01
     106     -0.723723924717E+02      0.408615225170E+02      0.151474008560E+02
     107     -0.723748965428E+02      0.408543038558E+02      0.168850154877E+02
     108     -0.723716753867E+02      0.408486983750E+02      0.192434844971E+02
     109     -0.723654748818E+02      0.408466217629E+02      0.205851688385E+02
     110     -0.723637047498E+02      0.408402856668E+02      0.229883098602E+02
     111     -0.723659906770E+02      0.408349681770E+02      0.241701526642E+02
     112     -0.723673873461E+02      0.408284878998E+02      0.254007682800E+02
     113     -0.723698496191E+02      0.408223645108E+02      0.269605941772E+02
     114     -0.723672871138E+02      0.408159221335E+02      0.288986148834E+02
     115     -0.723803193300E+02      0.408727593445E+02      0.207418346410E+01
     116     -0.723786530036E+02      0.408662524158E+02      0.817467975620E+01
     117     -0.723790787648E+02      0.408597737882E+02      0.134749126434E+02
     118     -0.723814323485E+02      0.408534618905E+02      0.158261280060E+02
     119     -0.723784570835E+02      0.408470884163E+02      0.189207305908E+02
     120     -0.723712042361E+02      0.408416824898E+02      0.219854011536E+02
     121     -0.723738174297E+02      0.408344602751E+02      0.240935707092E+02
     122     -0.723848191168E+02      0.408708150063E+02      0.337040805820E+01
     123     -0.723841059280E+02      0.408645640222E+02      0.819919967650E+01
     124     -0.723851219875E+02      0.408588234350E+02      0.124561157227E+02
     125     -0.723872879312E+02      0.408539164393E+02      0.152728710175E+02
     126     -0.723863039296E+02      0.408485641670E+02      0.168140373230E+02
     127     -0.723852605990E+02      0.408425545695E+02      0.181887779236E+02
     128     -0.723780475581E+02      0.408405280519E+02      0.200132274628E+02
     129     -0.723890339286E+02      0.408689853222E+02      0.382985711100E+01
     130     -0.723894525409E+02      0.408630925553E+02      0.810663700100E+01
     131     -0.723910448323E+02      0.408576467112E+02      0.131541481018E+02
       1       3       7       8       1
       2       3       1       8       2
       3       3       8       9       2
       4       3       3       2       9
       5       3      10       3       9
       6       3      11       3      10
       7       3      11       4       3
       8       3       5       4      11
       9       3      12       5      11
      10       3       6       5      12
      11       3       6      12      13
      12       3      14       6      13
      13       3      16       7      15
      14       3      16       8       7
      15       3      17       8      16
      16       3      17      18       8
      17       3       8      18       9
      18       3      18      19       9
      19       3       9      19      10
      20       3      20      10      19
      21       3      20      21      10
      22       3      11      10      21
      23       3      22      11      21
      24       3      11      22      12
      25       3      22      13      12
      26       3      13      22      23
      27       3      24      13      23
      28       3      25      13      24
      29       3      25      14      13
      30       3      15      27      28
      31       3      16      15      28
      32       3      29      16      28
      33       3      17      16      29
      34       3      30      17      29
      35       3      31      17      30
      36       3      31      18      17
      37       3      18      31      32
      38       3      18      32      19
      39       3      32      20      19
      40       3      33      20      32
      41       3      34      20      33
      42       3      34      21      20
      43       3      34      35      21
      44       3      22      21      35
      45       3      35      23      22
      46       3      36      23      35
      47       3      36      24      23
      48       3      24      36      37
      49       3      38      24      37
      50       3      38      39      24
      51       3      25      24      39
      52       3      42      26      41
      53       3      42      27      26
      54       3      27      42      43
      55       3      27      43      28
      56       3      29      28      43
      57       3      43      44      29
      58       3      29      44      30
      59       3      44      45      30
      60       3      45      46      30
      61       3      30      46      31
      62       3      31      46      47
      63       3      31      47      32
      64       3      33      32      47
      65       3      48      33      47
      66       3      34      33      48
      67       3      49      34      48
      68       3      50      34      49
      69       3      50      35      34
      70       3      36      35      50
      71       3      50      51      36
      72       3      51      37      36
      73       3      52      37      51
      74       3      38      37      52
      75       3      54      40      53
      76       3      55      40      54
      77       3      40      55      41
      78       3      42      41      55
      79       3      56      42      55
      80       3      42      56      57
      81       3      42      57      43
      82       3      43      57      44
      83       3      58      44      57
      84       3      44      58      45
      85       3      58      59      45
      86       3      45      59      60
      87       3      45      60      46
      88       3      46      60      47
      89       3      60      61      47
      90       3      48      47      61
      91       3      62      48      61
      92       3      49      48      62
      93       3      63      49      62
      94       3      63      64      49
      95       3      49      64      50
      96       3      50      64      51
      97       3      51      64      65
      98       3      66      51      65
      99       3      52      51      66
     100       3      67      69      53
     101       3      53      69      54
     102       3      69      70      54
     103       3      54      70      71
     104       3      71      55      54
     105       3      72      55      71
     106       3      56      55      72
     107       3      73      56      72
     108       3      73      74      56
     109       3      56      74      57
     110       3      58      57      74
     111       3      58      74      75
     112       3      59      58      75
     113       3      76      59      75
     114       3      60      59      76
     115       3      77      60      76
     116       3      60      77      61
     117       3      77      78      61
     118       3      62      61      78
     119       3      79      62      78
     120       3      63      62      79
     121       3      80      63      79
     122       3      80      65      63
     123       3      65      64      63
     124       3      81      67      68
     125       3      69      67      81
     126       3      81      68      82
     127       3      83      69      81
     128       3      69      83      70
     129       3      83      84      70
     130       3      85      70      84
     131       3      85      86      70
     132       3      70      86      71
     133       3      71      86      87
     134       3      71      87      72
     135       3      72      87      73
     136       3      87      88      73
     137       3      73      88      89
     138       3      73      89      75
     139       3      75      74      73
     140       3      75      89      76
     141       3      89      90      76
     142       3      76      90      77
     143       3      91      77      90
     144       3      77      91      78
     145       3      79      78      91
     146       3      91      92      79
     147       3      79      92      80
     148       3      93      81      82
     149       3      83      81      93
     150       3      93      82      94
     151       3      95      83      93
     152       3      83      95      84
     153       3      95      96      84
     154       3      85      84      96
     155       3      97      85      96
     156       3      98      85      97
     157       3      86      85      98
     158       3      86      98      87
     159       3      99      87      98
     160       3      99      88      87
     161       3      99     100      88
     162       3      88     100      89
     163       3      90      89     100
     164       3     101      90     100
     165       3     102      90     101
     166       3      91      90     102
     167       3     102     103      91
     168       3      91     103      92
     169       3      95      93      94
     170       3     105     104      94
     171       3      95      94     104
     172       3      95     104     106
     173       3      95     106      96
     174       3      96     106      97
     175       3     106     107      97
     176       3     107     108      97
     177       3      97     108     109
     178       3     109      98      97
     179       3      98     109      99
     180       3     109     110      99
     181       3      99     110     100
     182       3     110     111     100
     183       3     101     100     111
     184       3     112     101     111
     185       3     102     101     112
     186       3     113     102     112
     187       3     102     113     114
     188       3     102     114     103
     189       3     104     105     115
     190       3     115     116     104
     191       3     104     116     106
     192       3     116     117     106
     193       3     107     106     117
     194       3     118     107     117
     195       3     107     118     119
     196       3     107     119     108
     197       3     108     119     120
     198       3     109     108     120
     199       3     109     120     110
     200       3     111     110     120
     201       3     121     111     120
     202       3     111     121     112
     203       3     116     115     122
     204       3     116     122     123
     205       3     116     123     117
     206       3     123     124     117
     207       3     117     124     118
     208       3     124     125     118
     209       3     118     125     126
     210       3     118     126     119
     211       3     127     119     126
     212       3     127     128     119
     213       3     119     128     120
     214       3     121     120     128
     215       3     123     122     129
     216       3     129     130     123
     217       3     124     123     130
     218       3     130     131     124
     219       3     125     124     131
 0                    ! Number of open boundaries                               
 0                   ! Total number of open boundary nodes                      
 1 = Number of land boundaries                                                  
 7 = Total number of land boundary nodes                                        
       7       0  = Number of nodes for land boundary 1                         
      68
      82
      94
     105
     115
     122
     129
