RES NODE           2          92
                   4          15          16          17          20          21
                  22          23          24          25          28          29
                  30          31          32          33          34          35
                  36          37          38          39          42          43
                  44          45          46          47          48          49
                  50          51          52          53          56          57
                  58          59          60          61          62          63
                  64          65          66          69          70          71
                  72          73          74          75          76          77
                  78          81          82          83          84          85
                  86          87          88          89          90          91
                  94          95          96          97          98          99
                 100         101         102         106         107         108
                 109         110         111         112         113         118
                 119         120         121         122         125         126
                 127         128
COMM PE            6
RECV PE            1          11
                  11          26          40          54          67          79
                  92         103         104         114         123
RECV PE            3           9
                   2           5           6           7           8           9
                  10          18          19
RECV PE            8           3
                 129         130         131
RECV PE            9           3
                 116         117         124
RECV PE           28           9
                  12          27          41          55          68          80
                  93         105         115
RECV PE           29           4
                   1           3          13          14
SEND PE            1          11
                  24          25          39          53          66          78
                  91         102         113         122         128
SEND PE            3           9
                   4          17          20          21          22          23
                  24          32          33
SEND PE            8           4
                 125         126         127         128
SEND PE            9           4
                 106         107         118         125
SEND PE           28           8
                  28          42          43          56          69          81
                  94         106
SEND PE           29           3
                   4          15          28
