 Shinacock Inlet Coarse Grid                                                    
     221     131
       1     -0.724625994196E+02      0.404981597362E+02      0.469236450195E+02
       2     -0.724775584886E+02      0.404938929567E+02      0.465794830322E+02
       3     -0.724615035459E+02      0.405134476257E+02      0.462098808289E+02
       4     -0.724745436465E+02      0.405121129912E+02      0.458162384033E+02
       5     -0.724892469497E+02      0.405073392878E+02      0.455283241272E+02
       6     -0.725309341556E+02      0.405094718798E+02      0.442341232300E+02
       7     -0.725430843274E+02      0.405138251258E+02      0.437776222229E+02
       8     -0.725557879855E+02      0.405100831428E+02      0.438007469177E+02
       9     -0.725715248359E+02      0.405084027694E+02      0.437665443420E+02
      10     -0.725837808803E+02      0.405128382966E+02      0.434988212585E+02
      11     -0.725887771794E+02      0.405249194387E+02      0.429585227966E+02
      12     -0.724348632522E+02      0.405399871317E+02      0.459384994507E+02
      13     -0.724398712357E+02      0.405275161060E+02      0.463543853760E+02
      14     -0.724506026364E+02      0.405220717607E+02      0.461960220337E+02
      15     -0.724627154105E+02      0.405261659227E+02      0.455412902832E+02
      16     -0.724742189504E+02      0.405280168525E+02      0.450449981689E+02
      17     -0.724870202405E+02      0.405245765622E+02      0.447897911072E+02
      18     -0.725007905439E+02      0.405163886824E+02      0.447434501648E+02
      19     -0.725147397119E+02      0.405125424796E+02      0.445421981812E+02
      20     -0.725229861772E+02      0.405225181120E+02      0.438900794983E+02
      21     -0.725351608535E+02      0.405268809707E+02      0.433757133484E+02
      22     -0.725496020726E+02      0.405248767458E+02      0.432276535034E+02
      23     -0.725624314406E+02      0.405204697038E+02      0.433206100464E+02
      24     -0.725740692374E+02      0.405255150697E+02      0.430314064026E+02
      25     -0.725813816382E+02      0.405387344005E+02      0.424348754883E+02
      26     -0.725962231556E+02      0.405380614859E+02      0.423573989868E+02
      27     -0.724432431260E+02      0.405516715657E+02      0.450332489014E+02
      28     -0.724506913727E+02      0.405375810326E+02      0.454387092590E+02
      29     -0.724655570285E+02      0.405397424631E+02      0.447947502136E+02
      30     -0.724792895559E+02      0.405397224317E+02      0.443617362976E+02
      31     -0.724922469791E+02      0.405416428019E+02      0.438670806885E+02
      32     -0.724993540221E+02      0.405310324293E+02      0.441135101318E+02
      33     -0.725108157103E+02      0.405275582543E+02      0.439695243835E+02
      34     -0.725208759580E+02      0.405364095254E+02      0.433018989563E+02
      35     -0.725316752605E+02      0.405407038773E+02      0.429072952271E+02
      36     -0.725454923258E+02      0.405396571838E+02      0.427341880798E+02
      37     -0.725594299496E+02      0.405335172692E+02      0.428214073181E+02
      38     -0.725691820350E+02      0.405400928067E+02      0.424922027588E+02
      39     -0.725721369786E+02      0.405536933018E+02      0.419631042480E+02
      40     -0.725861150376E+02      0.405506496938E+02      0.419524230957E+02
      41     -0.724399562754E+02      0.405664184595E+02      0.444448165894E+02
      42     -0.724515904859E+02      0.405620110756E+02      0.442536697388E+02
      43     -0.724576852130E+02      0.405510859800E+02      0.445393104553E+02
      44     -0.724714192132E+02      0.405528209333E+02      0.440176124573E+02
      45     -0.724836300306E+02      0.405522430424E+02      0.436629104614E+02
      46     -0.724952135313E+02      0.405572911426E+02      0.430712890625E+02
      47     -0.725070804857E+02      0.405438806649E+02      0.433106575012E+02
      48     -0.725214817050E+02      0.405519409162E+02      0.426630439758E+02
      49     -0.725354238335E+02      0.405504615486E+02      0.425034103394E+02
      50     -0.725460887520E+02      0.405553452306E+02      0.421674957275E+02
      51     -0.725580549915E+02      0.405477886656E+02      0.423056716919E+02
      52     -0.725581356233E+02      0.405616229469E+02      0.417932739258E+02
      53     -0.725691800842E+02      0.405678512934E+02      0.414487495422E+02
      54     -0.725827442758E+02      0.405655181533E+02      0.413800163269E+02
      55     -0.724402361916E+02      0.405815415859E+02      0.437583580017E+02
      56     -0.724530487512E+02      0.405747948967E+02      0.436326026917E+02
      57     -0.724641815885E+02      0.405647058662E+02      0.437125854492E+02
      58     -0.724794706273E+02      0.405661795869E+02      0.431573295593E+02
      59     -0.724927625875E+02      0.405728057800E+02      0.424507713318E+02
      60     -0.725043691942E+02      0.405674710757E+02      0.423650970459E+02
      61     -0.725094850104E+02      0.405574138913E+02      0.426381645203E+02
      62     -0.725185579865E+02      0.405684349095E+02      0.420484886169E+02
      63     -0.725324293066E+02      0.405624818960E+02      0.421217422485E+02
      64     -0.725452190565E+02      0.405691095938E+02      0.416914939880E+02
      65     -0.725580711216E+02      0.405757422051E+02      0.412488975525E+02
      66     -0.725727759007E+02      0.405813016780E+02      0.408383789063E+02
      67     -0.725877397097E+02      0.405797628475E+02      0.407189903259E+02
      68     -0.724417532037E+02      0.405959142514E+02      0.431250953674E+02
      69     -0.724555650217E+02      0.405893441229E+02      0.429216499329E+02
      70     -0.724673179534E+02      0.405781945468E+02      0.430039253235E+02
      71     -0.724811025766E+02      0.405809653471E+02      0.424323120117E+02
      72     -0.724946144300E+02      0.405865799415E+02      0.418529930115E+02
      73     -0.725064431622E+02      0.405793476939E+02      0.418373870850E+02
      74     -0.725192980286E+02      0.405831886517E+02      0.413975677490E+02
      75     -0.725318640021E+02      0.405758086089E+02      0.415661125183E+02
      76     -0.725450068541E+02      0.405824473081E+02      0.411142272949E+02
      77     -0.725579250196E+02      0.405889902817E+02      0.406072921753E+02
      78     -0.725691837212E+02      0.405964915401E+02      0.401480751038E+02
      79     -0.725830003028E+02      0.405928834242E+02      0.402062873840E+02
      80     -0.724409032201E+02      0.406090546416E+02      0.427751770020E+02
      81     -0.724516842580E+02      0.406026574391E+02      0.425187149048E+02
      82     -0.724639279010E+02      0.406036037141E+02      0.420666770935E+02
      83     -0.724707930765E+02      0.405919538171E+02      0.423019943237E+02
      84     -0.724834006566E+02      0.405932144222E+02      0.418252868652E+02
      85     -0.724932767524E+02      0.405998469027E+02      0.412715644836E+02
      86     -0.725075229168E+02      0.405938887625E+02      0.412288551331E+02
      87     -0.725208739672E+02      0.405952879156E+02      0.408519973755E+02
      88     -0.725323339370E+02      0.405889026307E+02      0.409906845093E+02
      89     -0.725442631468E+02      0.405955773288E+02      0.404971466064E+02
      90     -0.725555978352E+02      0.406025887856E+02      0.399876098633E+02
      91     -0.725658831458E+02      0.406099431846E+02      0.395232772827E+02
      92     -0.725792723878E+02      0.406058394019E+02      0.396091537476E+02
      93     -0.724418125234E+02      0.406196918711E+02      0.424336395264E+02
      94     -0.724548850484E+02      0.406151466236E+02      0.419596328735E+02
      95     -0.724689711477E+02      0.406170237599E+02      0.412772102356E+02
      96     -0.724786233342E+02      0.406054025529E+02      0.414124717712E+02
      97     -0.724919099847E+02      0.406125159415E+02      0.406710662842E+02
      98     -0.725032969299E+02      0.406066406569E+02      0.407065505981E+02
      99     -0.725163416069E+02      0.406072190431E+02      0.403858680725E+02
     100     -0.725310691515E+02      0.406018646599E+02      0.403986473083E+02
     101     -0.725426245006E+02      0.406084756806E+02      0.399048881531E+02
     102     -0.725533942814E+02      0.406161226650E+02      0.393723831177E+02
     103     -0.725641151702E+02      0.406229864572E+02      0.388471527100E+02
     104     -0.725750516436E+02      0.406172813047E+02      0.390450019836E+02
     105     -0.724495613834E+02      0.406263327973E+02      0.418572311401E+02
     106     -0.724617002961E+02      0.406281330291E+02      0.412313308716E+02
     107     -0.724758554752E+02      0.406311300563E+02      0.405092315674E+02
     108     -0.724808852607E+02      0.406184691506E+02      0.407473945618E+02
     109     -0.724906445132E+02      0.406250418851E+02      0.400756072998E+02
     110     -0.725050806202E+02      0.406191185618E+02      0.400482406616E+02
     111     -0.725181744498E+02      0.406194568827E+02      0.397459030151E+02
     112     -0.725295303804E+02      0.406137771897E+02      0.398234443665E+02
     113     -0.725408271452E+02      0.406207834355E+02      0.393101310730E+02
     114     -0.725512558769E+02      0.406299655669E+02      0.386660423279E+02
     115     -0.724509603545E+02      0.406366926813E+02      0.414611587524E+02
     116     -0.724640177465E+02      0.406413162716E+02      0.406889152527E+02
     117     -0.724772016930E+02      0.406456875080E+02      0.398064956665E+02
     118     -0.724892833778E+02      0.406369087633E+02      0.396019020081E+02
     119     -0.725011293754E+02      0.406309672114E+02      0.395473289490E+02
     120     -0.725144839969E+02      0.406311848762E+02      0.392514724731E+02
     121     -0.725278844320E+02      0.406259082232E+02      0.392295112610E+02
     122     -0.725382471547E+02      0.406313006518E+02      0.388112411499E+02
     123     -0.725414475572E+02      0.406412830237E+02      0.381959037781E+02
     124     -0.724871245679E+02      0.406551975705E+02      0.388534965515E+02
     125     -0.724915936487E+02      0.406465045399E+02      0.390841445923E+02
     126     -0.725043633102E+02      0.406419212794E+02      0.388840255737E+02
     127     -0.725179622689E+02      0.406426764077E+02      0.385650749207E+02
     128     -0.725280723727E+02      0.406375609616E+02      0.386374664307E+02
     129     -0.725296031168E+02      0.406501814296E+02      0.378723831177E+02
     130     -0.725004920398E+02      0.406533489565E+02      0.384677391052E+02
     131     -0.725139413686E+02      0.406519880524E+02      0.381347579956E+02
       1       3       1       3       4
       2       3       2       1       4
       3       3       2       4       5
       4       3      14      15       3
       5       3       4       3      15
       6       3       4      15      16
       7       3       4      16      17
       8       3       5       4      17
       9       3      18       5      17
      10       3       6      19      20
      11       3       6      20      21
      12       3       7       6      21
      13       3       7      21      22
      14       3       8       7      22
      15       3       8      22      23
      16       3       9       8      23
      17       3       9      23      24
      18       3      10       9      24
      19       3      10      24      11
      20       3      11      24      25
      21       3      11      25      26
      22       3      28      12      27
      23       3      13      12      28
      24       3      14      13      28
      25       3      15      14      28
      26       3      15      28      29
      27       3      29      16      15
      28       3      29      30      16
      29       3      17      16      30
      30       3      17      30      31
      31       3      31      32      17
      32       3      32      18      17
      33       3      18      32      33
      34       3      19      18      33
      35       3      19      33      20
      36       3      20      33      34
      37       3      21      20      34
      38       3      21      34      35
      39       3      21      35      36
      40       3      22      21      36
      41       3      22      36      37
      42       3      23      22      37
      43       3      37      24      23
      44       3      37      38      24
      45       3      24      38      25
      46       3      39      25      38
      47       3      39      40      25
      48       3      26      25      40
      49       3      27      41      42
      50       3      43      27      42
      51       3      28      27      43
      52       3      29      28      43
      53       3      29      43      44
      54       3      30      29      44
      55       3      30      44      45
      56       3      31      30      45
      57       3      31      45      46
      58       3      47      31      46
      59       3      31      47      32
      60       3      47      33      32
      61       3      33      47      34
      62       3      48      34      47
      63       3      35      34      48
      64       3      35      48      49
      65       3      36      35      49
      66       3      36      49      50
      67       3      36      50      51
      68       3      37      36      51
      69       3      38      37      51
      70       3      38      51      39
      71       3      39      51      52
      72       3      39      52      53
      73       3      39      53      54
      74       3      40      39      54
      75       3      41      55      56
      76       3      42      41      56
      77       3      42      56      57
      78       3      43      42      57
      79       3      44      43      57
      80       3      57      58      44
      81       3      58      45      44
      82       3      46      45      58
      83       3      46      58      59
      84       3      46      59      60
      85       3      61      46      60
      86       3      47      46      61
      87       3      61      48      47
      88       3      48      61      62
      89       3      48      62      63
      90       3      49      48      63
      91       3      50      49      63
      92       3      50      63      64
      93       3      50      64      52
      94       3      51      50      52
      95       3      52      64      65
      96       3      53      52      65
      97       3      53      65      66
      98       3      66      54      53
      99       3      66      67      54
     100       3      55      68      69
     101       3      56      55      69
     102       3      70      56      69
     103       3      57      56      70
     104       3      58      57      70
     105       3      58      70      71
     106       3      58      71      59
     107       3      59      71      72
     108       3      59      72      73
     109       3      60      59      73
     110       3      60      73      62
     111       3      61      60      62
     112       3      62      73      74
     113       3      62      74      75
     114       3      63      62      75
     115       3      63      75      64
     116       3      64      75      76
     117       3      64      76      65
     118       3      65      76      77
     119       3      66      65      77
     120       3      66      77      78
     121       3      66      78      79
     122       3      67      66      79
     123       3      68      80      81
     124       3      69      68      81
     125       3      69      81      82
     126       3      83      69      82
     127       3      70      69      83
     128       3      70      83      71
     129       3      71      83      84
     130       3      72      71      84
     131       3      72      84      85
     132       3      85      86      72
     133       3      86      73      72
     134       3      74      73      86
     135       3      74      86      87
     136       3      74      87      88
     137       3      75      74      88
     138       3      76      75      88
     139       3      76      88      89
     140       3      76      89      77
     141       3      77      89      90
     142       3      90      78      77
     143       3      90      91      78
     144       3      78      91      92
     145       3      79      78      92
     146       3      80      93      94
     147       3      81      80      94
     148       3      82      81      94
     149       3      82      94      95
     150       3      82      95      96
     151       3      83      82      96
     152       3      84      83      96
     153       3      84      96      85
     154       3      85      96      97
     155       3      97      98      85
     156       3      98      86      85
     157       3      86      98      99
     158       3      87      86      99
     159       3      87      99     100
     160       3      88      87     100
     161       3      88     100      89
     162       3      89     100     101
     163       3      89     101      90
     164       3      90     101     102
     165       3      91      90     102
     166       3      91     102     103
     167       3      91     103     104
     168       3      92      91     104
     169       3      94      93     105
     170       3     105     106      94
     171       3     106      95      94
     172       3     106     107      95
     173       3     107     108      95
     174       3      96      95     108
     175       3      97      96     108
     176       3      97     108     109
     177       3      97     109     110
     178       3      98      97     110
     179       3      99      98     110
     180       3      99     110     111
     181       3      99     111     112
     182       3     100      99     112
     183       3     101     100     112
     184       3     101     112     113
     185       3     101     113     102
     186       3     102     113     114
     187       3     103     102     114
     188       3     106     105     115
     189       3     106     115     116
     190       3     106     116     107
     191       3     107     116     117
     192       3     117     118     107
     193       3     109     107     118
     194       3     108     107     109
     195       3     109     118     119
     196       3     110     109     119
     197       3     110     119     120
     198       3     111     110     120
     199       3     111     120     121
     200       3     112     111     121
     201       3     121     113     112
     202       3     121     122     113
     203       3     113     122     114
     204       3     123     114     122
     205       3     125     117     124
     206       3     117     125     118
     207       3     125     126     118
     208       3     126     119     118
     209       3     126     120     119
     210       3     126     127     120
     211       3     120     127     128
     212       3     121     120     128
     213       3     122     121     128
     214       3     122     128     123
     215       3     123     128     129
     216       3     125     124     130
     217       3     126     125     130
     218       3     126     130     131
     219       3     127     126     131
     220       3     127     131     129
     221       3     128     127     129
 0                    ! Number of open boundaries                               
 0                   ! Total number of open boundary nodes                      
 0 = Number of land boundaries                                                  
 0 = Total number of land boundary nodes                                        
