 Shinacock Inlet Coarse Grid                                                    
     221     129
       1     -0.723268440723E+02      0.407364775246E+02      0.411563224792E+02
       2     -0.723390031857E+02      0.407322343720E+02      0.406425209045E+02
       3     -0.723506673308E+02      0.407303020524E+02      0.400761871338E+02
       4     -0.723273961993E+02      0.407707533178E+02      0.371020011902E+02
       5     -0.723231604098E+02      0.407591944846E+02      0.389497032166E+02
       6     -0.723269287465E+02      0.407478683868E+02      0.403306579590E+02
       7     -0.723373719479E+02      0.407442778775E+02      0.401775894165E+02
       8     -0.723462546810E+02      0.407393711046E+02      0.398704376221E+02
       9     -0.723556347233E+02      0.407414050218E+02      0.393382492065E+02
      10     -0.723624807707E+02      0.407352455865E+02      0.392297706604E+02
      11     -0.723598927150E+02      0.407262303492E+02      0.396114578247E+02
      12     -0.723689703000E+02      0.407280602390E+02      0.390097732544E+02
      13     -0.723355729213E+02      0.407781757407E+02      0.354647369385E+02
      14     -0.723389423920E+02      0.407713310637E+02      0.364800033569E+02
      15     -0.723344943978E+02      0.407628852840E+02      0.380510406494E+02
      16     -0.723329834364E+02      0.407540421578E+02      0.393093070984E+02
      17     -0.723422379749E+02      0.407553746655E+02      0.388617095947E+02
      18     -0.723485908910E+02      0.407487006356E+02      0.393045883179E+02
      19     -0.723581319989E+02      0.407511024396E+02      0.385168457031E+02
      20     -0.723657797750E+02      0.407449713679E+02      0.385474357605E+02
      21     -0.723734080114E+02      0.407381654775E+02      0.383441619873E+02
      22     -0.723787666761E+02      0.407304495099E+02      0.381268196106E+02
      23     -0.723390086198E+02      0.407869272338E+02      0.340381050110E+02
      24     -0.723441798450E+02      0.407799699325E+02      0.347833480835E+02
      25     -0.723485287988E+02      0.407733504255E+02      0.357560691833E+02
      26     -0.723448195887E+02      0.407645761638E+02      0.373300399780E+02
      27     -0.723528098051E+02      0.407588780491E+02      0.378686027527E+02
      28     -0.723625697991E+02      0.407601387816E+02      0.372471961975E+02
      29     -0.723657367518E+02      0.407536313515E+02      0.377278251648E+02
      30     -0.723726661662E+02      0.407535716033E+02      0.372728805542E+02
      31     -0.723745173541E+02      0.407469288967E+02      0.377807540894E+02
      32     -0.723815498186E+02      0.407458590237E+02      0.372038650513E+02
      33     -0.723840830778E+02      0.407385660736E+02      0.374249916077E+02
      34     -0.723884583900E+02      0.407320983455E+02      0.374856071472E+02
      35     -0.723431695213E+02      0.408014981356E+02      0.316906070709E+02
      36     -0.723385519278E+02      0.407948157679E+02      0.329690475464E+02
      37     -0.723462689235E+02      0.407945254611E+02      0.326102561951E+02
      38     -0.723490018220E+02      0.407877086824E+02      0.333313522339E+02
      39     -0.723531650881E+02      0.407810987802E+02      0.342447814941E+02
      40     -0.723578643659E+02      0.407747296908E+02      0.352769393921E+02
      41     -0.723531432717E+02      0.407676047741E+02      0.364836158752E+02
      42     -0.723611340914E+02      0.407675332223E+02      0.361798706055E+02
      43     -0.723704303150E+02      0.407677276795E+02      0.358665885925E+02
      44     -0.723701850220E+02      0.407600289683E+02      0.368109741211E+02
      45     -0.723777827979E+02      0.407620719892E+02      0.359958572388E+02
      46     -0.723801668671E+02      0.407537960487E+02      0.367636985779E+02
      47     -0.723882100797E+02      0.407531990007E+02      0.362506942749E+02
      48     -0.723890649618E+02      0.407455648641E+02      0.366954994202E+02
      49     -0.723946336103E+02      0.407404070590E+02      0.366226387024E+02
      50     -0.723483093372E+02      0.408085863049E+02      0.306327228546E+02
      51     -0.723517015413E+02      0.408018823801E+02      0.312338123322E+02
      52     -0.723547353429E+02      0.407952092095E+02      0.319271736145E+02
      53     -0.723577281087E+02      0.407885744821E+02      0.329132881165E+02
      54     -0.723615695031E+02      0.407819888152E+02      0.339657516479E+02
      55     -0.723672419482E+02      0.407757479188E+02      0.349391059875E+02
      56     -0.723761068609E+02      0.407757205988E+02      0.344676551819E+02
      57     -0.723789913106E+02      0.407696965163E+02      0.350009384155E+02
      58     -0.723862290006E+02      0.407678341666E+02      0.347226638794E+02
      59     -0.723847715263E+02      0.407599663417E+02      0.357323989868E+02
      60     -0.723913468491E+02      0.407616757823E+02      0.351884269714E+02
      61     -0.723953064448E+02      0.407568673235E+02      0.354307746887E+02
      62     -0.723957004661E+02      0.407495555963E+02      0.359696922302E+02
      63     -0.724031537605E+02      0.407472167519E+02      0.357621994019E+02
      64     -0.723527316284E+02      0.408170352254E+02      0.298260231018E+02
      65     -0.723562892876E+02      0.408089742581E+02      0.302716121674E+02
      66     -0.723603333775E+02      0.408023269146E+02      0.307591285706E+02
      67     -0.723629243867E+02      0.407958759070E+02      0.314510002136E+02
      68     -0.723654284891E+02      0.407893081371E+02      0.325565376282E+02
      69     -0.723685134077E+02      0.407837446435E+02      0.335178871155E+02
      70     -0.723748042608E+02      0.407827949831E+02      0.334672431946E+02
      71     -0.723821697964E+02      0.407826356523E+02      0.330678215027E+02
      72     -0.723846170009E+02      0.407756034592E+02      0.338067283630E+02
      73     -0.723928518598E+02      0.407751812813E+02      0.332346916199E+02
      74     -0.723936070295E+02      0.407680073948E+02      0.342232437134E+02
      75     -0.723994970177E+02      0.407637132482E+02      0.344487724304E+02
      76     -0.724016043811E+02      0.407557227036E+02      0.351231575012E+02
      77     -0.724081878538E+02      0.407550643691E+02      0.348316230774E+02
      78     -0.723611153045E+02      0.408220525751E+02      0.279952011108E+02
      79     -0.723603488517E+02      0.408147947853E+02      0.295026321411E+02
      80     -0.723647571860E+02      0.408087932032E+02      0.298790130615E+02
      81     -0.723698448216E+02      0.408024190208E+02      0.302170619965E+02
      82     -0.723698316936E+02      0.407953148687E+02      0.313262271881E+02
      83     -0.723730546615E+02      0.407899173746E+02      0.322307052612E+02
      84     -0.723801671363E+02      0.407902107304E+02      0.318158988953E+02
      85     -0.723871473713E+02      0.407893837363E+02      0.315912971497E+02
      86     -0.723896761748E+02      0.407820257740E+02      0.325629920959E+02
      87     -0.723975686679E+02      0.407826088041E+02      0.318375740051E+02
      88     -0.724013696813E+02      0.407769435833E+02      0.323694801331E+02
      89     -0.723989983983E+02      0.407709418931E+02      0.334227638245E+02
      90     -0.724060403482E+02      0.407700697453E+02      0.329941787720E+02
      91     -0.724065047766E+02      0.407623608388E+02      0.340642395020E+02
      92     -0.724125661935E+02      0.407605348141E+02      0.338189659119E+02
      93     -0.723698496191E+02      0.408223645108E+02      0.269605941772E+02
      94     -0.723672871138E+02      0.408159221335E+02      0.288986148834E+02
      95     -0.723727124132E+02      0.408098985944E+02      0.291746425629E+02
      96     -0.723793929195E+02      0.408046847152E+02      0.291482582092E+02
      97     -0.723768695308E+02      0.407972408620E+02      0.306794433594E+02
      98     -0.723853756900E+02      0.407975900735E+02      0.301693801880E+02
      99     -0.723929083166E+02      0.407944170120E+02      0.303976707458E+02
     100     -0.723937819444E+02      0.407878740444E+02      0.313569908142E+02
     101     -0.724006659375E+02      0.407903572048E+02      0.303900985718E+02
     102     -0.724055650957E+02      0.407839628158E+02      0.310007801056E+02
     103     -0.724079788249E+02      0.407770815507E+02      0.318665599823E+02
     104     -0.724138848592E+02      0.407736738595E+02      0.318998317719E+02
     105     -0.724129665636E+02      0.407668813949E+02      0.328882255554E+02
     106     -0.724189488363E+02      0.407624388343E+02      0.334904327393E+02
     107     -0.723775916471E+02      0.408235603085E+02      0.252139434814E+02
     108     -0.723744739479E+02      0.408171080373E+02      0.272922286987E+02
     109     -0.723798351747E+02      0.408126051883E+02      0.282236080170E+02
     110     -0.723860813129E+02      0.408104597413E+02      0.277848663330E+02
     111     -0.723875281458E+02      0.408046361858E+02      0.287863998413E+02
     112     -0.723939604423E+02      0.408021163275E+02      0.290193881989E+02
     113     -0.723987485189E+02      0.407970266262E+02      0.295807914734E+02
     114     -0.724053441439E+02      0.407971398185E+02      0.291278343201E+02
     115     -0.724084458169E+02      0.407915833855E+02      0.296459178925E+02
     116     -0.724121889752E+02      0.407865559110E+02      0.301711292267E+02
     117     -0.724134564362E+02      0.407805404215E+02      0.310200672150E+02
     118     -0.724211310944E+02      0.407777172009E+02      0.313486156464E+02
     119     -0.724200564963E+02      0.407697114397E+02      0.324615592957E+02
     120     -0.723808637627E+02      0.408191205395E+02      0.262652568817E+02
     121     -0.723862151343E+02      0.408173747277E+02      0.266803054810E+02
     122     -0.723916172786E+02      0.408150824450E+02      0.264510021210E+02
     123     -0.723936058678E+02      0.408095200312E+02      0.275121021271E+02
     124     -0.724008163132E+02      0.408087385167E+02      0.274851245880E+02
     125     -0.724011812682E+02      0.408022074626E+02      0.286926879883E+02
     126     -0.724073511763E+02      0.408039670118E+02      0.282213878632E+02
     127     -0.724130253753E+02      0.407987224314E+02      0.285325469971E+02
     128     -0.724155263383E+02      0.407918509135E+02      0.292834892273E+02
     129     -0.724186545882E+02      0.407849118843E+02      0.300589828491E+02
       1       3       1       6       7
       2       3       2       1       7
       3       3       2       7       8
       4       3       3       2       8
       5       3       3       8       9
       6       3       9      10       3
       7       3      10      11       3
       8       3      14       4      13
       9       3      14      15       4
      10       3       5       4      15
      11       3      15      16       5
      12       3       5      16       6
      13       3      16       7       6
      14       3       7      16      17
      15       3      17      18       7
      16       3      18       8       7
      17       3      18       9       8
      18       3      18      19       9
      19       3      19      20       9
      20       3       9      20      10
      21       3      21      10      20
      22       3      10      21      12
      23       3      10      12      11
      24       3      21      22      12
      25       3      24      13      23
      26       3      14      13      24
      27       3      25      14      24
      28       3      26      14      25
      29       3      26      15      14
      30       3      17      15      26
      31       3      17      16      15
      32       3      26      27      17
      33       3      27      18      17
      34       3      27      19      18
      35       3      27      28      19
      36       3      29      19      28
      37       3      19      29      20
      38       3      29      30      20
      39       3      30      31      20
      40       3      21      20      31
      41       3      31      32      21
      42       3      33      21      32
      43       3      33      22      21
      44       3      33      34      22
      45       3      23      36      37
      46       3      38      23      37
      47       3      24      23      38
      48       3      24      38      39
      49       3      24      39      25
      50       3      39      40      25
      51       3      40      41      25
      52       3      25      41      26
      53       3      26      41      27
      54       3      41      42      27
      55       3      42      28      27
      56       3      42      43      28
      57       3      43      44      28
      58       3      29      28      44
      59       3      30      29      44
      60       3      30      44      45
      61       3      45      46      30
      62       3      30      46      31
      63       3      46      32      31
      64       3      46      47      32
      65       3      47      48      32
      66       3      33      32      48
      67       3      33      48      49
      68       3      33      49      34
      69       3      51      35      50
      70       3      51      37      35
      71       3      37      36      35
      72       3      51      52      37
      73       3      38      37      52
      74       3      53      38      52
      75       3      39      38      53
      76       3      53      54      39
      77       3      40      39      54
      78       3      55      40      54
      79       3      55      42      40
      80       3      40      42      41
      81       3      55      43      42
      82       3      55      56      43
      83       3      56      57      43
      84       3      45      43      57
      85       3      45      44      43
      86       3      45      57      58
      87       3      59      45      58
      88       3      45      59      46
      89       3      59      47      46
      90       3      59      60      47
      91       3      60      61      47
      92       3      62      47      61
      93       3      62      48      47
      94       3      49      48      62
      95       3      49      62      63
      96       3      64      65      50
      97       3      50      65      51
      98       3      66      51      65
      99       3      51      66      52
     100       3      66      67      52
     101       3      52      67      53
     102       3      67      68      53
     103       3      53      68      54
     104       3      69      54      68
     105       3      55      54      69
     106       3      55      69      70
     107       3      56      55      70
     108       3      56      70      71
     109       3      72      56      71
     110       3      56      72      57
     111       3      72      58      57
     112       3      72      73      58
     113       3      73      74      58
     114       3      58      74      60
     115       3      58      60      59
     116       3      74      75      60
     117       3      60      75      61
     118       3      76      61      75
     119       3      62      61      76
     120       3      63      62      76
     121       3      76      77      63
     122       3      78      79      64
     123       3      64      79      65
     124       3      80      65      79
     125       3      66      65      80
     126       3      81      66      80
     127       3      66      81      67
     128       3      81      82      67
     129       3      68      67      82
     130       3      83      68      82
     131       3      69      68      83
     132       3      83      70      69
     133       3      83      84      70
     134       3      71      70      84
     135       3      71      84      85
     136       3      86      71      85
     137       3      72      71      86
     138       3      73      72      86
     139       3      86      87      73
     140       3      87      88      73
     141       3      89      73      88
     142       3      89      74      73
     143       3      74      89      75
     144       3      75      89      90
     145       3      91      75      90
     146       3      76      75      91
     147       3      91      77      76
     148       3      91      92      77
     149       3      78      93      94
     150       3      78      94      79
     151       3      80      79      94
     152       3      95      80      94
     153       3      81      80      95
     154       3      95      96      81
     155       3      81      96      97
     156       3      81      97      82
     157       3      83      82      97
     158       3      84      83      97
     159       3      84      97      98
     160       3      85      84      98
     161       3      85      98      99
     162       3     100      85      99
     163       3      86      85     100
     164       3     100      87      86
     165       3     100     101      87
     166       3     101     102      87
     167       3      87     102      88
     168       3     102     103      88
     169       3      90      88     103
     170       3      90      89      88
     171       3     103     104      90
     172       3     104     105      90
     173       3      90     105      91
     174       3     105      92      91
     175       3     105     106      92
     176       3     108      93     107
     177       3      93     108      94
     178       3      95      94     108
     179       3     109      95     108
     180       3      95     109      96
     181       3     109     110      96
     182       3     110     111      96
     183       3      96     111      98
     184       3      96      98      97
     185       3     111     112      98
     186       3     112      99      98
     187       3     113      99     112
     188       3     101      99     113
     189       3     101     100      99
     190       3     113     114     101
     191       3     114     115     101
     192       3     101     115     102
     193       3     116     102     115
     194       3     102     116     117
     195       3     102     117     103
     196       3     103     117     104
     197       3     104     117     118
     198       3     104     118     119
     199       3     104     119     105
     200       3     119     106     105
     201       3     107     120     108
     202       3     109     108     120
     203       3     109     120     121
     204       3     110     109     121
     205       3     121     122     110
     206       3     122     123     110
     207       3     111     110     123
     208       3     112     111     123
     209       3     112     123     124
     210       3     125     112     124
     211       3     113     112     125
     212       3     125     114     113
     213       3     125     126     114
     214       3     126     127     114
     215       3     115     114     127
     216       3     128     115     127
     217       3     116     115     128
     218       3     129     116     128
     219       3     116     129     117
     220       3     129     118     117
     221       3     124     126     125
 0                    ! Number of open boundaries                               
 0                   ! Total number of open boundary nodes                      
 0 = Number of land boundaries                                                  
 0 = Total number of land boundary nodes                                        
