RES NODE          17          94
                   7           8           9          10          14          15
                  16          17          18          19          20          21
                  24          25          26          27          28          29
                  30          31          32          33          37          38
                  39          40          41          42          43          44
                  45          46          47          48          51          52
                  53          54          55          56          57          58
                  59          60          61          62          65          66
                  67          68          69          70          71          72
                  73          74          75          76          79          80
                  81          82          83          84          85          86
                  87          88          89          90          91          94
                  95          96          97          98          99         100
                 101         102         103         104         105         108
                 109         110         111         112         113         114
                 115         116         117         125
COMM PE            5
RECV PE            9           2
                  49          63
RECV PE           15           7
                  77          92         106         118         119         128
                 129
RECV PE           16           9
                  93         107         120         121         122         123
                 124         126         127
RECV PE           18           8
                   4          13          23          35          36          50
                  64          78
RECV PE           30           9
                   1           2           3           5           6          11
                  12          22          34
SEND PE            9           4
                  33          48          62          76
SEND PE           15           7
                  76          91         104         105         115         116
                 117
SEND PE           16           9
                  94         108         109         110         111         112
                 114         115         125
SEND PE           18           9
                  14          15          24          37          38          51
                  65          79          94
SEND PE           30           8
                   7           8           9          10          15          16
                  21          33
