 Shinacock Inlet Coarse Grid                                                    
     200     120
       1     -0.728032999472E+02      0.405121450904E+02      0.404827919006E+02
       2     -0.728172274621E+02      0.405259344624E+02      0.392990646362E+02
       3     -0.728304385128E+02      0.405404900942E+02      0.379598846436E+02
       4     -0.728431125365E+02      0.405555114885E+02      0.364883384705E+02
       5     -0.728547763510E+02      0.405713483307E+02      0.349561729431E+02
       6     -0.728660226585E+02      0.405874846996E+02      0.335854339600E+02
       7     -0.728765730476E+02      0.406040818795E+02      0.328079757690E+02
       8     -0.728867266397E+02      0.406209275506E+02      0.317572975159E+02
       9     -0.728960916435E+02      0.406382202011E+02      0.293855400085E+02
      10     -0.729036453737E+02      0.406563677493E+02      0.265565528870E+02
      11     -0.729116102699E+02      0.406743429718E+02      0.200913200378E+02
      12     -0.729182196345E+02      0.406928637246E+02      0.177417049408E+02
      13     -0.729240934829E+02      0.407116348764E+02      0.218452382090E+01
      14     -0.727861216081E+02      0.405266682622E+02      0.401084938049E+02
      15     -0.728068581504E+02      0.405337750133E+02      0.390716285706E+02
      16     -0.728108416759E+02      0.405530310280E+02      0.375480728149E+02
      17     -0.728280816382E+02      0.405606265223E+02      0.364371414185E+02
      18     -0.728407586179E+02      0.405734031155E+02      0.352235908508E+02
      19     -0.728524042064E+02      0.405852602807E+02      0.343639373779E+02
      20     -0.728586424165E+02      0.406009170201E+02      0.338043174744E+02
      21     -0.728650894983E+02      0.406185426568E+02      0.328306465149E+02
      22     -0.728780457085E+02      0.406351539456E+02      0.304710674286E+02
      23     -0.728857449642E+02      0.406528366771E+02      0.275697002411E+02
      24     -0.728930296340E+02      0.406696193683E+02      0.250444812775E+02
      25     -0.729010849830E+02      0.406860302403E+02      0.203557910919E+02
      26     -0.729056329363E+02      0.407033214993E+02      0.146088008881E+02
      27     -0.729033239359E+02      0.407191640835E+02      0.161611366270E+01
      28     -0.727784411446E+02      0.405457328071E+02      0.392563629150E+02
      29     -0.727946982597E+02      0.405434994276E+02      0.387784080505E+02
      30     -0.727911732518E+02      0.405592931050E+02      0.380879592896E+02
      31     -0.728024199518E+02      0.405723516994E+02      0.369866828918E+02
      32     -0.728165507500E+02      0.405701978792E+02      0.363902931213E+02
      33     -0.728284336659E+02      0.405804335708E+02      0.355988273621E+02
      34     -0.728420258892E+02      0.405919546416E+02      0.346958618164E+02
      35     -0.728457275279E+02      0.406093675447E+02      0.339938812256E+02
      36     -0.728458281687E+02      0.406268041547E+02      0.323915863037E+02
      37     -0.728618660664E+02      0.406342801872E+02      0.309627399445E+02
      38     -0.728691694522E+02      0.406492365185E+02      0.286219520569E+02
      39     -0.728736971084E+02      0.406674537491E+02      0.263817043304E+02
      40     -0.728833931711E+02      0.406829017676E+02      0.235259819031E+02
      41     -0.728909812568E+02      0.406962698271E+02      0.195444850922E+02
      42     -0.728883775656E+02      0.407103186063E+02      0.135214157104E+02
      43     -0.728833863964E+02      0.407255600554E+02      0.119172227380E+01
      44     -0.727614585555E+02      0.405499612521E+02      0.396556015015E+02
      45     -0.727731392322E+02      0.405639299982E+02      0.384752464294E+02
      46     -0.727864566558E+02      0.405763575596E+02      0.373871307373E+02
      47     -0.727981125544E+02      0.405907328773E+02      0.362834892273E+02
      48     -0.728140912321E+02      0.405867631279E+02      0.359521484375E+02
      49     -0.728286557207E+02      0.405981540343E+02      0.349383621216E+02
      50     -0.728303075359E+02      0.406143884890E+02      0.339795761108E+02
      51     -0.728275742912E+02      0.406296446362E+02      0.327748680115E+02
      52     -0.728364062756E+02      0.406420274897E+02      0.310688858032E+02
      53     -0.728518384099E+02      0.406445388980E+02      0.301038017273E+02
      54     -0.728584725305E+02      0.406587711566E+02      0.281439571381E+02
      55     -0.728546398531E+02      0.406726834497E+02      0.267919063568E+02
      56     -0.728672882598E+02      0.406848188546E+02      0.247553539276E+02
      57     -0.728757860446E+02      0.406987716073E+02      0.204527587891E+02
      58     -0.728707818413E+02      0.407148100539E+02      0.139050579071E+02
      59     -0.728645124729E+02      0.407316924383E+02      0.110354685780E+01
      60     -0.727457980084E+02      0.405555425057E+02      0.397014732361E+02
      61     -0.727555647239E+02      0.405652417281E+02      0.389139633179E+02
      62     -0.727604161268E+02      0.405764221740E+02      0.382377014160E+02
      63     -0.727712870761E+02      0.405817508369E+02      0.376527061462E+02
      64     -0.727813303075E+02      0.405922876480E+02      0.367814674377E+02
      65     -0.727866576114E+02      0.406037420516E+02      0.360466575623E+02
      66     -0.727977135970E+02      0.406070722943E+02      0.355226325989E+02
      67     -0.728129456546E+02      0.406041057055E+02      0.351717681885E+02
      68     -0.728167952521E+02      0.406192558374E+02      0.341046867371E+02
      69     -0.728106432651E+02      0.406314464430E+02      0.333270835876E+02
      70     -0.728193190478E+02      0.406429397020E+02      0.319866466522E+02
      71     -0.728272535594E+02      0.406532962104E+02      0.306339492798E+02
      72     -0.728423174923E+02      0.406581532699E+02      0.292548580170E+02
      73     -0.728383088382E+02      0.406715479039E+02      0.279164505005E+02
      74     -0.728406332529E+02      0.406835212071E+02      0.262770862579E+02
      75     -0.728537521935E+02      0.406876825571E+02      0.248246173859E+02
      76     -0.728586798914E+02      0.407024347916E+02      0.211339130402E+02
      77     -0.728541899771E+02      0.407194139648E+02      0.152648000717E+02
      78     -0.728465415167E+02      0.407372422263E+02      0.124160194400E+01
      79     -0.727411129982E+02      0.405695443162E+02      0.390749130249E+02
      80     -0.727460909590E+02      0.405803988683E+02      0.384155654907E+02
      81     -0.727550637004E+02      0.405911551526E+02      0.376345901489E+02
      82     -0.727682168145E+02      0.405954883010E+02      0.370452499390E+02
      83     -0.727727125079E+02      0.406091308519E+02      0.360664749146E+02
      84     -0.727854594022E+02      0.406191553943E+02      0.350208854675E+02
      85     -0.728025356555E+02      0.406189434952E+02      0.346057815552E+02
      86     -0.727946507887E+02      0.406320352985E+02      0.337806243896E+02
      87     -0.728036593264E+02      0.406440722265E+02      0.325643005371E+02
      88     -0.728117528417E+02      0.406575486250E+02      0.310089836121E+02
      89     -0.728256860626E+02      0.406656174924E+02      0.294413108826E+02
      90     -0.728257491178E+02      0.406797895352E+02      0.278665180206E+02
      91     -0.728288412554E+02      0.406943876622E+02      0.257371597290E+02
      92     -0.728441501378E+02      0.406960937850E+02      0.241893444061E+02
      93     -0.728401436668E+02      0.407087748748E+02      0.214788360596E+02
      94     -0.728403060790E+02      0.407227320386E+02      0.155058002472E+02
      95     -0.728323794676E+02      0.407310453402E+02      0.109046993256E+02
      96     -0.728294320032E+02      0.407422458903E+02      0.100931251050E+01
      97     -0.727294038679E+02      0.405812287067E+02      0.386181907654E+02
      98     -0.727385831153E+02      0.405943086569E+02      0.377933082581E+02
      99     -0.727465544168E+02      0.406061243015E+02      0.367103614807E+02
     100     -0.727595885034E+02      0.406042401584E+02      0.366619720459E+02
     101     -0.727568841523E+02      0.406172961597E+02      0.356130676270E+02
     102     -0.727687739232E+02      0.406246649556E+02      0.348677597046E+02
     103     -0.727794246051E+02      0.406342537701E+02      0.339170303345E+02
     104     -0.727878355624E+02      0.406456941308E+02      0.329493904114E+02
     105     -0.727966784069E+02      0.406552532364E+02      0.318090324402E+02
     106     -0.727981556598E+02      0.406673493336E+02      0.304708652496E+02
     107     -0.728117882410E+02      0.406730852636E+02      0.294349193573E+02
     108     -0.728125982345E+02      0.406874581260E+02      0.276337623596E+02
     109     -0.728138535730E+02      0.406993928081E+02      0.256740570068E+02
     110     -0.728239154580E+02      0.407069772473E+02      0.236467990875E+02
     111     -0.728251453355E+02      0.407192565430E+02      0.191513290405E+02
     112     -0.728193452123E+02      0.407338200360E+02      0.122864551544E+02
     113     -0.728133575358E+02      0.407474339772E+02      0.166418385510E+01
     114     -0.727982120359E+02      0.406820040469E+02      0.288962955475E+02
     115     -0.727984403222E+02      0.406971504391E+02      0.265450439453E+02
     116     -0.728085182957E+02      0.407115584332E+02      0.215933895111E+02
     117     -0.728115711044E+02      0.407246910038E+02      0.191596164703E+02
     118     -0.728052742519E+02      0.407371731450E+02      0.128669233322E+02
     119     -0.727924993368E+02      0.407115382130E+02      0.247974185944E+02
     120     -0.727988956112E+02      0.407238637701E+02      0.205773162842E+02
       1       3       1      14      15
       2       3       1      15       2
       3       3       2      15       3
       4       3       3      15      16
       5       3      17       3      16
       6       3       4       3      17
       7       3      18       4      17
       8       3       5       4      18
       9       3      18      19       5
      10       3       5      19       6
      11       3       6      19      20
      12       3       6      20       7
      13       3      20      21       7
      14       3       8       7      21
      15       3       8      21      22
      16       3       9       8      22
      17       3      23       9      22
      18       3      10       9      23
      19       3      23      24      10
      20       3      11      10      24
      21       3      11      24      25
      22       3      25      12      11
      23       3      25      26      12
      24       3      26      13      12
      25       3      26      27      13
      26       3      29      14      28
      27       3      29      15      14
      28       3      29      16      15
      29       3      29      30      16
      30       3      16      30      31
      31       3      32      16      31
      32       3      32      17      16
      33       3      17      32      33
      34       3      33      18      17
      35       3      18      33      34
      36       3      34      19      18
      37       3      34      20      19
      38       3      20      34      35
      39       3      21      20      35
      40       3      21      35      36
      41       3      21      36      37
      42       3      21      37      22
      43       3      37      38      22
      44       3      38      23      22
      45       3      39      23      38
      46       3      24      23      39
      47       3      39      40      24
      48       3      24      40      25
      49       3      40      41      25
      50       3      26      25      41
      51       3      42      26      41
      52       3      26      42      27
      53       3      42      43      27
      54       3      28      44      45
      55       3      28      45      30
      56       3      29      28      30
      57       3      30      45      46
      58       3      30      46      31
      59       3      31      46      47
      60       3      47      48      31
      61       3      48      32      31
      62       3      33      32      48
      63       3      33      48      49
      64       3      34      33      49
      65       3      35      34      49
      66       3      50      35      49
      67       3      35      50      36
      68       3      50      51      36
      69       3      52      36      51
      70       3      52      53      36
      71       3      37      36      53
      72       3      37      53      38
      73       3      53      54      38
      74       3      39      38      54
      75       3      55      39      54
      76       3      39      55      56
      77       3      56      40      39
      78       3      40      56      57
      79       3      40      57      41
      80       3      41      57      42
      81       3      42      57      58
      82       3      42      58      43
      83       3      59      43      58
      84       3      44      60      61
      85       3      44      61      45
      86       3      62      45      61
      87       3      62      63      45
      88       3      45      63      46
      89       3      46      63      64
      90       3      46      64      47
      91       3      65      47      64
      92       3      65      66      47
      93       3      66      67      47
      94       3      67      48      47
      95       3      49      48      67
      96       3      49      67      50
      97       3      67      68      50
      98       3      50      68      51
      99       3      68      69      51
     100       3      69      70      51
     101       3      51      70      52
     102       3      52      70      71
     103       3      52      71      72
     104       3      53      52      72
     105       3      53      72      54
     106       3      54      72      55
     107       3      72      73      55
     108       3      74      55      73
     109       3      74      75      55
     110       3      55      75      56
     111       3      76      56      75
     112       3      76      57      56
     113       3      57      76      58
     114       3      76      77      58
     115       3      77      59      58
     116       3      78      59      77
     117       3      60      79      61
     118       3      61      79      80
     119       3      61      80      62
     120       3      81      62      80
     121       3      63      62      81
     122       3      63      81      82
     123       3      63      82      64
     124       3      83      64      82
     125       3      83      65      64
     126       3      84      65      83
     127       3      66      65      84
     128       3      66      84      85
     129       3      67      66      85
     130       3      67      85      68
     131       3      69      68      85
     132       3      86      69      85
     133       3      69      86      87
     134       3      69      87      70
     135       3      70      87      88
     136       3      70      88      71
     137       3      71      88      89
     138       3      72      71      89
     139       3      72      89      73
     140       3      73      89      90
     141       3      73      90      74
     142       3      74      90      91
     143       3      74      91      92
     144       3      75      74      92
     145       3      75      92      76
     146       3      76      92      93
     147       3      76      93      77
     148       3      77      93      94
     149       3      94      78      77
     150       3      78      94      95
     151       3      96      78      95
     152       3      97      80      79
     153       3      80      97      98
     154       3      98      81      80
     155       3      81      98      99
     156       3      81      99     100
     157       3      82      81     100
     158       3      82     100      83
     159       3      83     100     101
     160       3      83     101     102
     161       3     102      84      83
     162       3     103      84     102
     163       3      84     103      86
     164       3      85      84      86
     165       3     103     104      86
     166       3      86     104      87
     167       3      87     104     105
     168       3      87     105      88
     169       3     106      88     105
     170       3     106     107      88
     171       3      88     107      89
     172       3      89     107      90
     173       3     107     108      90
     174       3      90     108      91
     175       3     108     109      91
     176       3      91     109     110
     177       3      91     110      93
     178       3      92      91      93
     179       3     111      93     110
     180       3     111      94      93
     181       3      94     111      95
     182       3     111     112      95
     183       3      96      95     112
     184       3     112     113      96
     185       3     100      99     101
     186       3     106     114     107
     187       3     107     114     108
     188       3     108     114     115
     189       3     108     115     109
     190       3     109     115     116
     191       3     109     116     110
     192       3     110     116     111
     193       3     116     117     111
     194       3     111     117     112
     195       3     117     118     112
     196       3     112     118     113
     197       3     115     119     116
     198       3     120     116     119
     199       3     120     117     116
     200       3     117     120     118
 1                    ! Number of open boundaries                               
 13                   ! Total number of open boundary nodes                     
 13                   ! Number of nodes for open boundary 1                     
          13
          12
          11
          10
           9
           8
           7
           6
           5
           4
           3
           2
           1
 1 = Number of land boundaries                                                  
 7 = Total number of land boundary nodes                                        
       7       0  = Number of nodes for land boundary 1                         
     113
      96
      78
      59
      43
      27
      13
