 Shinacock Inlet Coarse Grid                                                    
     178     114
       1     -0.725123646038E+02      0.408433882679E+02      0.309533810620E+01
       2     -0.725116732771E+02      0.408386922063E+02      0.227999997140E+01
       3     -0.725101374702E+02      0.408349377513E+02      0.108500003810E+01
       4     -0.725144053202E+02      0.408505605198E+02      0.131896686550E+01
       5     -0.725142498052E+02      0.408468577164E+02      0.239131402970E+01
       6     -0.725147070000E+02      0.408539990000E+02      0.108500003810E+01
       7     -0.725168763031E+02      0.408443773083E+02      0.319287753110E+01
       8     -0.725163618702E+02      0.408407391046E+02      0.227999997140E+01
       9     -0.725161345091E+02      0.408375396738E+02      0.227999997140E+01
      10     -0.725140702577E+02      0.408342385891E+02      0.182477736470E+01
      11     -0.725186870000E+02      0.408522480000E+02      0.109165406230E+01
      12     -0.725173596977E+02      0.408482600851E+02      0.217657089230E+01
      13     -0.725205048212E+02      0.408460340430E+02      0.229505920410E+01
      14     -0.725206708638E+02      0.408422854022E+02      0.236545848850E+01
      15     -0.725211120961E+02      0.408381499881E+02      0.227999997140E+01
      16     -0.725185655887E+02      0.408354255703E+02      0.195453476910E+01
      17     -0.725182652311E+02      0.408329276599E+02      0.100426387790E+01
      18     -0.725218549553E+02      0.408514729557E+02      0.142098212240E+01
      19     -0.725222190000E+02      0.408541350000E+02      0.108500003810E+01
      20     -0.725202303428E+02      0.408492600430E+02      0.214818072320E+01
      21     -0.725233400000E+02      0.408488480000E+02      0.200503516200E+01
      22     -0.725243264146E+02      0.408450034321E+02      0.230415248870E+01
      23     -0.725247370210E+02      0.408407119936E+02      0.227999997140E+01
      24     -0.725263135481E+02      0.408363844356E+02      0.214069700240E+01
      25     -0.725225475997E+02      0.408337142174E+02      0.137324595450E+01
      26     -0.725247180000E+02      0.408529770000E+02      0.108500003810E+01
      27     -0.725252440000E+02      0.408570950000E+02      0.108500003810E+01
      28     -0.725275670000E+02      0.408487020000E+02      0.138784956930E+01
      29     -0.725280838914E+02      0.408436514692E+02      0.238669538500E+01
      30     -0.725287024169E+02      0.408395472280E+02      0.239493489270E+01
      31     -0.725321549164E+02      0.408364768191E+02      0.230815696720E+01
      32     -0.725295617946E+02      0.408331547254E+02      0.216737437250E+01
      33     -0.725263055967E+02      0.408321411024E+02      0.100000000000E+01
      34     -0.725314174329E+02      0.408455661131E+02      0.286348605160E+01
      35     -0.725319400000E+02      0.408494250000E+02      0.110797870160E+01
      36     -0.725320938083E+02      0.408412349426E+02      0.261125683780E+01
      37     -0.725362075524E+02      0.408394576283E+02      0.228619480130E+01
      38     -0.725371409293E+02      0.408348898634E+02      0.227999997140E+01
      39     -0.725334676274E+02      0.408314671547E+02      0.227999997140E+01
      40     -0.725282282928E+02      0.408288200818E+02      0.103312361240E+01
      41     -0.725346429329E+02      0.408475319017E+02      0.231586146350E+01
      42     -0.725355014064E+02      0.408435257728E+02      0.249433636670E+01
      43     -0.725333230000E+02      0.408519310000E+02      0.108500003810E+01
      44     -0.725404450221E+02      0.408428522518E+02      0.227848982810E+01
      45     -0.725402539698E+02      0.408385274150E+02      0.230681037900E+01
      46     -0.725424256573E+02      0.408349664237E+02      0.233700585370E+01
      47     -0.725388203854E+02      0.408301686452E+02      0.222746896740E+01
      48     -0.725334340000E+02      0.408266990000E+02      0.101989519600E+01
      49     -0.725373777744E+02      0.408494870696E+02      0.237226867680E+01
      50     -0.725380851947E+02      0.408460332297E+02      0.223778367040E+01
      51     -0.725342261499E+02      0.408543441353E+02      0.145005345340E+01
      52     -0.725301100000E+02      0.408549310000E+02      0.108500003810E+01
      53     -0.725371809631E+02      0.408529265110E+02      0.217523956300E+01
      54     -0.725416415424E+02      0.408474593847E+02      0.246662020680E+01
      55     -0.725454586982E+02      0.408450262091E+02      0.250182795520E+01
      56     -0.725445914793E+02      0.408406869567E+02      0.222283625600E+01
      57     -0.725474753556E+02      0.408385437390E+02      0.234771537780E+01
      58     -0.725462980316E+02      0.408342685238E+02      0.245384311680E+01
      59     -0.725443027518E+02      0.408298578713E+02      0.211001038550E+01
      60     -0.725421920000E+02      0.408254550000E+02      0.102950918670E+01
      61     -0.725377850000E+02      0.408259190000E+02      0.110793364050E+01
      62     -0.725401210848E+02      0.408511346670E+02      0.224268770220E+01
      63     -0.725336564170E+02      0.408563047990E+02      0.227068424220E+01
      64     -0.725370421950E+02      0.408563145797E+02      0.231659030910E+01
      65     -0.725320748782E+02      0.408577181449E+02      0.127293097970E+01
      66     -0.725300930000E+02      0.408592860000E+02      0.108500003810E+01
      67     -0.725404863233E+02      0.408547420032E+02      0.221981740000E+01
      68     -0.725433468967E+02      0.408514973707E+02      0.229604625700E+01
      69     -0.725456104114E+02      0.408487434578E+02      0.236239838600E+01
      70     -0.725498010000E+02      0.408482850000E+02      0.187713694570E+01
      71     -0.725503840000E+02      0.408439620000E+02      0.143056893350E+01
      72     -0.725517600000E+02      0.408401720000E+02      0.221754050250E+01
      73     -0.725502675488E+02      0.408356912302E+02      0.375820040700E+01
      74     -0.725484579353E+02      0.408319649750E+02      0.230968618390E+01
      75     -0.725492264684E+02      0.408285836266E+02      0.228012061120E+01
      76     -0.725465850000E+02      0.408248700000E+02      0.194737875460E+01
      77     -0.725348191931E+02      0.408586361847E+02      0.225476837160E+01
      78     -0.725370411000E+02      0.408598215767E+02      0.215774488450E+01
      79     -0.725393539573E+02      0.408587570997E+02      0.230085349080E+01
      80     -0.725328787577E+02      0.408601183349E+02      0.111381495000E+01
      81     -0.725326540000E+02      0.408627990000E+02      0.108500003810E+01
      82     -0.725414780000E+02      0.408583720000E+02      0.179680919650E+01
      83     -0.725442000000E+02      0.408550050000E+02      0.151094090940E+01
      84     -0.725474620000E+02      0.408520400000E+02      0.140675818920E+01
      85     -0.725542741358E+02      0.408358788257E+02      0.259523105620E+01
      86     -0.725561550000E+02      0.408397910000E+02      0.171497619150E+01
      87     -0.725523935708E+02      0.408319422648E+02      0.229605722430E+01
      88     -0.725539909082E+02      0.408280906567E+02      0.201277780530E+01
      89     -0.725509850000E+02      0.408253280000E+02      0.151044845580E+01
      90     -0.725350199007E+02      0.408618011493E+02      0.117156422140E+01
      91     -0.725369791949E+02      0.408628189500E+02      0.134506630900E+01
      92     -0.725388547513E+02      0.408621288733E+02      0.198723638060E+01
      93     -0.725411150000E+02      0.408627780000E+02      0.160960590840E+01
      94     -0.725361470000E+02      0.408655240000E+02      0.108500003810E+01
      95     -0.725582902845E+02      0.408360002979E+02      0.232377839090E+01
      96     -0.725568456078E+02      0.408316523379E+02      0.234474539760E+01
      97     -0.725605870000E+02      0.408397440000E+02      0.110011327270E+01
      98     -0.725584733845E+02      0.408269219639E+02      0.201042652130E+01
      99     -0.725547100000E+02      0.408237040000E+02      0.104533767700E+01
     100     -0.725381720658E+02      0.408651192356E+02      0.113489806650E+01
     101     -0.725397831442E+02      0.408651938189E+02      0.113875842090E+01
     102     -0.725411940000E+02      0.408672040000E+02      0.111010479930E+01
     103     -0.725392510000E+02      0.408686880000E+02      0.124602878090E+01
     104     -0.725620651937E+02      0.408361777909E+02      0.232461333270E+01
     105     -0.725611584989E+02      0.408329556676E+02      0.232585620880E+01
     106     -0.725607577379E+02      0.408297350142E+02      0.227999997140E+01
     107     -0.725636577988E+02      0.408270976348E+02      0.227999997140E+01
     108     -0.725626210218E+02      0.408240781365E+02      0.196205353740E+01
     109     -0.725588494531E+02      0.408232921870E+02      0.105764317510E+01
     110     -0.725572940000E+02      0.408203190000E+02      0.107368731500E+01
     111     -0.725646349326E+02      0.408303427675E+02      0.222361254690E+01
     112     -0.725671635886E+02      0.408243605150E+02      0.187479805950E+01
     113     -0.725660590000E+02      0.408213990000E+02      0.108500003810E+01
     114     -0.725616740000E+02      0.408207550000E+02      0.145142209530E+01
       1       3       5       7       1
       2       3       8       1       7
       3       3       2       1       8
       4       3       9       2       8
       5       3       2       9      10
       6       3      10       3       2
       7       3      11       4       6
       8       3      11      12       4
       9       3      12       5       4
      10       3      12       7       5
      11       3      13       7      12
      12       3      14       7      13
      13       3       8       7      14
      14       3      15       8      14
      15       3      15       9       8
      16       3      16       9      15
      17       3      10       9      16
      18       3      17      10      16
      19       3      18      11      19
      20       3      18      20      11
      21       3      12      11      20
      22       3      13      12      20
      23       3      20      21      13
      24       3      22      13      21
      25       3      14      13      22
      26       3      23      14      22
      27       3      15      14      23
      28       3      23      24      15
      29       3      25      15      24
      30       3      25      16      15
      31       3      16      25      17
      32       3      19      26      18
      33       3      26      21      18
      34       3      21      20      18
      35       3      26      19      27
      36       3      21      28      22
      37       3      29      22      28
      38       3      22      29      23
      39       3      29      30      23
      40       3      23      30      24
      41       3      30      31      24
      42       3      24      31      32
      43       3      32      33      24
      44       3      24      33      25
      45       3      34      28      35
      46       3      34      29      28
      47       3      36      29      34
      48       3      36      30      29
      49       3      30      36      31
      50       3      37      31      36
      51       3      37      38      31
      52       3      39      31      38
      53       3      31      39      32
      54       3      39      40      32
      55       3      40      33      32
      56       3      41      34      35
      57       3      42      34      41
      58       3      36      34      42
      59       3      41      35      43
      60       3      37      36      42
      61       3      42      44      37
      62       3      44      45      37
      63       3      45      38      37
      64       3      46      38      45
      65       3      47      38      46
      66       3      47      39      38
      67       3      48      39      47
      68       3      48      40      39
      69       3      41      43      49
      70       3      41      49      50
      71       3      41      50      42
      72       3      50      44      42
      73       3      43      52      51
      74       3      53      43      51
      75       3      49      43      53
      76       3      54      44      50
      77       3      44      54      55
      78       3      44      55      56
      79       3      44      56      45
      80       3      46      45      56
      81       3      57      46      56
      82       3      58      46      57
      83       3      46      58      59
      84       3      59      47      46
      85       3      60      47      59
      86       3      60      61      47
      87       3      61      48      47
      88       3      49      53      62
      89       3      54      49      62
      90       3      54      50      49
      91       3      63      51      52
      92       3      63      64      51
      93       3      64      53      51
      94       3      52      66      65
      95       3      52      65      63
      96       3      64      67      53
      97       3      67      62      53
      98       3      54      62      68
      99       3      69      54      68
     100       3      55      54      69
     101       3      69      70      55
     102       3      70      71      55
     103       3      55      71      56
     104       3      57      56      71
     105       3      72      57      71
     106       3      57      72      73
     107       3      73      58      57
     108       3      58      73      74
     109       3      58      74      59
     110       3      59      74      75
     111       3      75      76      59
     112       3      76      60      59
     113       3      62      67      68
     114       3      77      63      65
     115       3      64      63      77
     116       3      64      77      78
     117       3      64      78      79
     118       3      67      64      79
     119       3      66      80      65
     120       3      80      77      65
     121       3      81      80      66
     122       3      67      79      82
     123       3      67      82      83
     124       3      83      68      67
     125       3      84      68      83
     126       3      68      84      69
     127       3      84      70      69
     128       3      85      72      86
     129       3      85      73      72
     130       3      87      73      85
     131       3      73      87      74
     132       3      74      87      75
     133       3      87      88      75
     134       3      88      89      75
     135       3      89      76      75
     136       3      80      90      77
     137       3      90      78      77
     138       3      90      91      78
     139       3      91      92      78
     140       3      92      79      78
     141       3      79      92      93
     142       3      82      79      93
     143       3      90      80      81
     144       3      94      90      81
     145       3      86      95      85
     146       3      96      85      95
     147       3      96      87      85
     148       3      97      95      86
     149       3      87      96      88
     150       3      96      98      88
     151       3      98      99      88
     152       3      99      89      88
     153       3      90      94      91
     154       3     100      91      94
     155       3      92      91     100
     156       3      92     100     101
     157       3      93      92     101
     158       3     102      93     101
     159       3      94     103     100
     160       3     104      95      97
     161       3     104     105      95
     162       3      95     105      96
     163       3     105     106      96
     164       3     106      98      96
     165       3     107      98     106
     166       3      98     107     108
     167       3     108     109      98
     168       3      98     109      99
     169       3      99     109     110
     170       3     103     101     100
     171       3     103     102     101
     172       3     111     106     105
     173       3     111     107     106
     174       3     112     108     107
     175       3     112     113     108
     176       3     113     114     108
     177       3     108     114     109
     178       3     110     109     114
 0                    ! Number of open boundaries                               
 0                   ! Total number of open boundary nodes                      
 1 = Number of land boundaries                                                  
 39 = Total number of land boundary nodes                                       
      39       0  = Number of nodes for land boundary 1                         
       6
      11
      19
      27
      26
      21
      28
      35
      43
      52
      66
      81
      94
     103
     102
      93
      82
      83
      84
      70
      71
      72
      86
      97
     113
     114
     110
      99
      89
      76
      60
      61
      48
      40
      33
      25
      17
      10
       3
