RES NODE          29          97
                   2           3           4           5           6           7
                   8           9          10          11          12          13
                  16          17          18          19          20          21
                  22          23          24          25          26          29
                  30          31          32          33          34          35
                  36          37          38          39          42          43
                  44          45          46          47          48          49
                  50          51          52          53          54          57
                  58          59          60          61          62          63
                  64          65          66          67          68          69
                  70          73          74          75          76          77
                  78          79          80          81          82          83
                  84          85          86          94          95          96
                  97          98          99         100         101         102
                 103         106         107         108         109         110
                 111         112         113         114         115         122
                 123
COMM PE            4
RECV PE            2           3
                 116         124         125
RECV PE            3           7
                  14          27          40          55          71          87
                 104
RECV PE           28          12
                  88          89          90          91          92          93
                 105         117         118         119         120         121
RECV PE           31           6
                   1          15          28          41          56          72
SEND PE            2           4
                 103         115         122         123
SEND PE            3           8
                  13          26          39          54          70          86
                 102         103
SEND PE           28          12
                  73          74          75          76          77          78
                  94         106         108         109         110         122
SEND PE           31           6
                   2          16          29          42          57          73
