 Shinacock Inlet Coarse Grid                                                    
     208     125
       1     -0.722094226009E+02      0.404787029072E+02      0.575600051880E+02
       2     -0.722256468677E+02      0.404675867657E+02      0.529393390000E+02
       3     -0.722415686280E+02      0.404560392341E+02      0.529393390000E+02
       4     -0.722579899240E+02      0.404452183456E+02      0.529393390000E+02
       5     -0.722751875267E+02      0.404356792198E+02      0.529393390000E+02
       6     -0.722928386727E+02      0.404270147109E+02      0.529393390000E+02
       7     -0.723112696477E+02      0.404201546677E+02      0.529393390000E+02
       8     -0.723293679321E+02      0.404124597013E+02      0.529393390000E+02
       9     -0.723480395416E+02      0.404063066972E+02      0.529393390000E+02
      10     -0.723671792974E+02      0.404018522168E+02      0.529393390000E+02
      11     -0.723855205877E+02      0.403947870163E+02      0.529393390000E+02
      12     -0.724047036057E+02      0.403905071396E+02      0.529393390000E+02
      13     -0.724242743815E+02      0.403885857929E+02      0.529393390000E+02
      14     -0.724438828325E+02      0.403871719023E+02      0.529393390000E+02
      15     -0.722246307580E+02      0.404955658657E+02      0.565062408447E+02
      16     -0.722348251620E+02      0.404781419130E+02      0.569771461487E+02
      17     -0.722554645915E+02      0.404719189168E+02      0.567399215698E+02
      18     -0.722664666311E+02      0.404555396657E+02      0.529393390000E+02
      19     -0.722867192186E+02      0.404476321651E+02      0.529393390000E+02
      20     -0.723078143937E+02      0.404407599404E+02      0.529393390000E+02
      21     -0.723238134590E+02      0.404291710309E+02      0.529393390000E+02
      22     -0.723415478499E+02      0.404265976714E+02      0.529393390000E+02
      23     -0.723601502159E+02      0.404224949402E+02      0.529393390000E+02
      24     -0.723813681614E+02      0.404221340989E+02      0.529393390000E+02
      25     -0.723935377396E+02      0.404081458323E+02      0.529393390000E+02
      26     -0.724160123665E+02      0.404068007255E+02      0.529393390000E+02
      27     -0.724395717490E+02      0.404042086859E+02      0.529393390000E+02
      28     -0.722369264999E+02      0.405084780306E+02      0.556838455200E+02
      29     -0.722481298096E+02      0.404926508134E+02      0.560652542114E+02
      30     -0.722668265383E+02      0.404838876011E+02      0.559784584045E+02
      31     -0.722798294967E+02      0.404686186289E+02      0.561893043518E+02
      32     -0.722981343061E+02      0.404585458533E+02      0.556754684448E+02
      33     -0.723159033582E+02      0.404585591991E+02      0.547868309021E+02
      34     -0.723297185818E+02      0.404437654383E+02      0.546264991760E+02
      35     -0.723512162587E+02      0.404440773689E+02      0.534291572571E+02
      36     -0.723702215867E+02      0.404370930853E+02      0.528703041077E+02
      37     -0.723889226460E+02      0.404423030523E+02      0.517895393372E+02
      38     -0.724050188178E+02      0.404257320343E+02      0.519043540955E+02
      39     -0.724300115526E+02      0.404203113189E+02      0.509799728394E+02
      40     -0.724547881619E+02      0.404197198828E+02      0.500695610046E+02
      41     -0.722400372279E+02      0.405254260714E+02      0.548713798523E+02
      42     -0.722540920682E+02      0.405125547823E+02      0.551073837280E+02
      43     -0.722678213454E+02      0.404999924237E+02      0.552925071716E+02
      44     -0.722840174160E+02      0.404875893887E+02      0.552373733521E+02
      45     -0.723009589311E+02      0.404755387333E+02      0.550559997559E+02
      46     -0.723220376185E+02      0.404740691327E+02      0.540436553955E+02
      47     -0.723358825656E+02      0.404599445482E+02      0.537490921021E+02
      48     -0.723535235635E+02      0.404647239464E+02      0.527327156067E+02
      49     -0.723694561304E+02      0.404540484464E+02      0.521981887817E+02
      50     -0.723840161872E+02      0.404629435435E+02      0.511552925110E+02
      51     -0.723979697992E+02      0.404586286538E+02      0.508657684326E+02
      52     -0.724096595706E+02      0.404466574489E+02      0.508659439087E+02
      53     -0.724224444438E+02      0.404348794745E+02      0.507785263062E+02
      54     -0.724414371351E+02      0.404350163276E+02      0.500609703064E+02
      55     -0.724595889964E+02      0.404395670436E+02      0.492354354858E+02
      56     -0.722594175724E+02      0.405316005810E+02      0.541998672485E+02
      57     -0.722715131695E+02      0.405170102918E+02      0.544408950806E+02
      58     -0.722852243049E+02      0.405058288015E+02      0.544230346680E+02
      59     -0.722996416751E+02      0.404956524079E+02      0.543374061584E+02
      60     -0.723130108291E+02      0.404878012879E+02      0.541084060669E+02
      61     -0.723278512106E+02      0.404901591337E+02      0.533001823425E+02
      62     -0.723395705196E+02      0.404775204134E+02      0.530700607300E+02
      63     -0.723544581617E+02      0.404840493468E+02      0.520952301025E+02
      64     -0.723691404636E+02      0.404737107281E+02      0.515820541382E+02
      65     -0.723839120641E+02      0.404790214439E+02      0.505588531494E+02
      66     -0.723976307921E+02      0.404769623966E+02      0.501247940063E+02
      67     -0.724103957064E+02      0.404670376215E+02      0.501052131653E+02
      68     -0.724217255138E+02      0.404609435394E+02      0.499368667603E+02
      69     -0.724296380105E+02      0.404486425822E+02      0.500497856140E+02
      70     -0.724464161270E+02      0.404522253189E+02      0.493005256653E+02
      71     -0.724610981781E+02      0.404585964365E+02      0.485534286499E+02
      72     -0.722767018124E+02      0.405310808643E+02      0.536603393555E+02
      73     -0.722889507545E+02      0.405228752756E+02      0.535689773560E+02
      74     -0.723010818126E+02      0.405133935001E+02      0.535357894897E+02
      75     -0.723159844087E+02      0.405041477482E+02      0.533934516907E+02
      76     -0.723315915113E+02      0.405043707766E+02      0.527132225037E+02
      77     -0.723432360121E+02      0.404952774286E+02      0.523801689148E+02
      78     -0.723573614177E+02      0.405052158920E+02      0.512449340820E+02
      79     -0.723654502869E+02      0.404909673119E+02      0.512381362915E+02
      80     -0.723774590816E+02      0.404907199094E+02      0.505535812378E+02
      81     -0.723912553882E+02      0.404932324864E+02      0.496768951416E+02
      82     -0.724048118719E+02      0.404956712564E+02      0.491169662476E+02
      83     -0.724113607626E+02      0.404827257491E+02      0.494291954041E+02
      84     -0.724246911836E+02      0.404784196954E+02      0.491601448059E+02
      85     -0.724355097139E+02      0.404647093655E+02      0.492938957214E+02
      86     -0.724501250432E+02      0.404699685651E+02      0.485699539185E+02
      87     -0.724638653757E+02      0.404796382986E+02      0.477435417175E+02
      88     -0.722907231945E+02      0.405389101238E+02      0.527431488037E+02
      89     -0.723049086235E+02      0.405328935581E+02      0.524978446960E+02
      90     -0.723137158731E+02      0.405197434099E+02      0.528152427673E+02
      91     -0.723280862526E+02      0.405184740614E+02      0.523272094727E+02
      92     -0.723438060332E+02      0.405121628588E+02      0.518025436401E+02
      93     -0.723560840028E+02      0.405242887513E+02      0.503995018005E+02
      94     -0.723712613193E+02      0.405191609546E+02      0.499260978699E+02
      95     -0.723707398013E+02      0.405035513015E+02      0.505271148682E+02
      96     -0.723827680207E+02      0.405060704315E+02      0.497521820068E+02
      97     -0.723970841075E+02      0.405092677386E+02      0.488234329224E+02
      98     -0.724119945522E+02      0.405126817075E+02      0.481724891663E+02
      99     -0.724192124032E+02      0.404956817527E+02      0.486350097656E+02
     100     -0.724344602689E+02      0.404944106508E+02      0.481746444702E+02
     101     -0.724388310025E+02      0.404793840226E+02      0.486477661133E+02
     102     -0.724503054351E+02      0.404868990641E+02      0.479152297974E+02
     103     -0.724625994196E+02      0.404981597362E+02      0.469236450195E+02
     104     -0.724775584886E+02      0.404938929567E+02      0.465794830322E+02
     105     -0.723690538006E+02      0.405368763225E+02      0.488448104858E+02
     106     -0.723834472001E+02      0.405317499548E+02      0.484137115479E+02
     107     -0.723867319921E+02      0.405189831882E+02      0.491013298035E+02
     108     -0.723992770432E+02      0.405265261914E+02      0.479663429260E+02
     109     -0.724132310398E+02      0.405285109626E+02      0.473515090942E+02
     110     -0.724263732717E+02      0.405242028352E+02      0.470468635559E+02
     111     -0.724260606535E+02      0.405083241054E+02      0.478300285339E+02
     112     -0.724386398797E+02      0.405123713400E+02      0.471381034851E+02
     113     -0.724472666967E+02      0.404999252228E+02      0.474025421143E+02
     114     -0.724520174175E+02      0.405094135412E+02      0.467548065186E+02
     115     -0.724615035459E+02      0.405134476257E+02      0.462098808289E+02
     116     -0.724745436465E+02      0.405121129912E+02      0.458162384033E+02
     117     -0.723811686139E+02      0.405456510474E+02      0.475947875977E+02
     118     -0.723937693279E+02      0.405433657419E+02      0.472714920044E+02
     119     -0.724069602886E+02      0.405410407273E+02      0.469605445862E+02
     120     -0.724215227803E+02      0.405401738165E+02      0.464507675171E+02
     121     -0.724348632522E+02      0.405399871317E+02      0.459384994507E+02
     122     -0.724398712357E+02      0.405275161060E+02      0.463543853760E+02
     123     -0.724506026364E+02      0.405220717607E+02      0.461960220337E+02
     124     -0.724627154105E+02      0.405261659227E+02      0.455412902832E+02
     125     -0.724506913727E+02      0.405375810326E+02      0.454387092590E+02
       1       3      15      16       1
       2       3       1      16       2
       3       3       2      16       3
       4       3      17       3      16
       5       3      17      18       3
       6       3       4       3      18
       7       3      18       5       4
       8       3       5      18      19
       9       3      19       6       5
      10       3       6      19      20
      11       3      20       7       6
      12       3      20      21       7
      13       3       8       7      21
      14       3      21      22       8
      15       3      22       9       8
      16       3      22      23       9
      17       3      23      10       9
      18       3      23      24      10
      19       3      10      24      25
      20       3      25      11      10
      21       3      25      12      11
      22       3      26      12      25
      23       3      26      13      12
      24       3      27      13      26
      25       3      27      14      13
      26       3      28      29      15
      27       3      16      15      29
      28       3      17      16      29
      29       3      29      30      17
      30       3      30      31      17
      31       3      17      31      18
      32       3      31      19      18
      33       3      19      31      32
      34       3      20      19      32
      35       3      20      32      33
      36       3      34      20      33
      37       3      20      34      21
      38       3      34      22      21
      39       3      22      34      35
      40       3      23      22      35
      41       3      23      35      36
      42       3      23      36      24
      43       3      36      37      24
      44       3      37      38      24
      45       3      25      24      38
      46       3      26      25      38
      47       3      26      38      39
      48       3      27      26      39
      49       3      27      39      40
      50       3      42      28      41
      51       3      29      28      42
      52       3      43      29      42
      53       3      29      43      30
      54       3      43      44      30
      55       3      44      31      30
      56       3      44      45      31
      57       3      32      31      45
      58       3      32      45      33
      59       3      45      46      33
      60       3      47      33      46
      61       3      34      33      47
      62       3      35      34      47
      63       3      48      35      47
      64       3      49      35      48
      65       3      49      36      35
      66       3      36      49      37
      67       3      50      37      49
      68       3      51      37      50
      69       3      51      52      37
      70       3      38      37      52
      71       3      38      52      53
      72       3      39      38      53
      73       3      53      54      39
      74       3      54      40      39
      75       3      40      54      55
      76       3      42      41      56
      77       3      57      42      56
      78       3      57      43      42
      79       3      57      58      43
      80       3      43      58      44
      81       3      58      59      44
      82       3      45      44      59
      83       3      45      59      60
      84       3      60      46      45
      85       3      61      46      60
      86       3      61      62      46
      87       3      47      46      62
      88       3      48      47      62
      89       3      48      62      63
      90       3      64      48      63
      91       3      64      49      48
      92       3      50      49      64
      93       3      50      64      65
      94       3      50      65      66
      95       3      51      50      66
      96       3      66      67      51
      97       3      67      52      51
      98       3      68      52      67
      99       3      68      69      52
     100       3      52      69      53
     101       3      54      53      69
     102       3      54      69      70
     103       3      70      55      54
     104       3      55      70      71
     105       3      57      56      72
     106       3      72      73      57
     107       3      57      73      58
     108       3      73      74      58
     109       3      59      58      74
     110       3      75      59      74
     111       3      60      59      75
     112       3      75      61      60
     113       3      75      76      61
     114       3      61      76      77
     115       3      61      77      62
     116       3      62      77      63
     117       3      63      77      78
     118       3      78      79      63
     119       3      64      63      79
     120       3      64      79      80
     121       3      65      64      80
     122       3      65      80      81
     123       3      66      65      81
     124       3      81      82      66
     125       3      82      83      66
     126       3      66      83      67
     127       3      83      84      67
     128       3      84      68      67
     129       3      85      68      84
     130       3      85      69      68
     131       3      70      69      85
     132       3      70      85      86
     133       3      70      86      71
     134       3      71      86      87
     135       3      88      73      72
     136       3      88      89      73
     137       3      89      74      73
     138       3      90      74      89
     139       3      75      74      90
     140       3      90      91      75
     141       3      91      76      75
     142       3      91      92      76
     143       3      77      76      92
     144       3      77      92      78
     145       3      78      92      93
     146       3      78      93      94
     147       3      95      78      94
     148       3      78      95      79
     149       3      95      80      79
     150       3      95      96      80
     151       3      81      80      96
     152       3      81      96      97
     153       3      82      81      97
     154       3      82      97      98
     155       3      99      82      98
     156       3      82      99      83
     157       3      99      84      83
     158       3      84      99     100
     159       3     101      84     100
     160       3      85      84     101
     161       3      85     101      86
     162       3      86     101     102
     163       3      86     102      87
     164       3      87     102     103
     165       3      87     103     104
     166       3      94      93     105
     167       3      94     105     106
     168       3     107      94     106
     169       3      96      94     107
     170       3      96      95      94
     171       3     107      97      96
     172       3     107     108      97
     173       3      98      97     108
     174       3      98     108     109
     175       3      98     109     110
     176       3     111      98     110
     177       3      99      98     111
     178       3     111     100      99
     179       3     111     112     100
     180       3     113     100     112
     181       3     102     100     113
     182       3     102     101     100
     183       3     102     113     103
     184       3     103     113     114
     185       3     103     114     115
     186       3     103     115     116
     187       3     104     103     116
     188       3     106     105     117
     189       3     106     117     118
     190       3     108     106     118
     191       3     108     107     106
     192       3     108     118     119
     193       3     109     108     119
     194       3     109     119     120
     195       3     110     109     120
     196       3     120     121     110
     197       3     121     122     110
     198       3     112     110     122
     199       3     112     111     110
     200       3     112     122     123
     201       3     114     112     123
     202       3     113     112     114
     203       3     123     115     114
     204       3     123     124     115
     205       3     116     115     124
     206       3     122     121     125
     207       3     123     122     125
     208       3     124     123     125
 1                    ! Number of open boundaries                               
 14                   ! Total number of open boundary nodes                     
 14                   ! Number of nodes for open boundary 1                     
          14
          13
          12
          11
          10
           9
           8
           7
           6
           5
           4
           3
           2
           1
 0 = Number of land boundaries                                                  
 0 = Total number of land boundary nodes                                        
