 Shinacock Inlet Coarse Grid                                                    
     220     133
       1     -0.724703994046E+02      0.407511782543E+02      0.323014640808E+02
       2     -0.724773095698E+02      0.407483134800E+02      0.318083114624E+02
       3     -0.724848987947E+02      0.407454976835E+02      0.315465049744E+02
       4     -0.724921908346E+02      0.407434665012E+02      0.314335613251E+02
       5     -0.724991927727E+02      0.407430133339E+02      0.312616615295E+02
       6     -0.725036595248E+02      0.407459022625E+02      0.308581542969E+02
       7     -0.725098040274E+02      0.407455790791E+02      0.306868934631E+02
       8     -0.724715398065E+02      0.407599647956E+02      0.319759178162E+02
       9     -0.724774302919E+02      0.407560798297E+02      0.314545707703E+02
      10     -0.724827672240E+02      0.407512391166E+02      0.312817859650E+02
      11     -0.724900112285E+02      0.407509952548E+02      0.308828525543E+02
      12     -0.724977283419E+02      0.407499211771E+02      0.306873130798E+02
      13     -0.725052391944E+02      0.407519273582E+02      0.302440662384E+02
      14     -0.725116918391E+02      0.407517901798E+02      0.300181369781E+02
      15     -0.725168552029E+02      0.407551970331E+02      0.294834766388E+02
      16     -0.725222465145E+02      0.407602620403E+02      0.287896270752E+02
      17     -0.725262880839E+02      0.407659007834E+02      0.281794338226E+02
      18     -0.724713435860E+02      0.407680068475E+02      0.313426055908E+02
      19     -0.724772713735E+02      0.407642244755E+02      0.313225555420E+02
      20     -0.724830505197E+02      0.407611952964E+02      0.309365310669E+02
      21     -0.724846298998E+02      0.407557438800E+02      0.309756774902E+02
      22     -0.724896963984E+02      0.407585018393E+02      0.305738639832E+02
      23     -0.724949326832E+02      0.407559967114E+02      0.302956657410E+02
      24     -0.725011031768E+02      0.407574630926E+02      0.299320526123E+02
      25     -0.725088187199E+02      0.407585648729E+02      0.295934543610E+02
      26     -0.725152612711E+02      0.407616161088E+02      0.292568492889E+02
      27     -0.725183410074E+02      0.407677224497E+02      0.287198467255E+02
      28     -0.725240743725E+02      0.407735157481E+02      0.274816780090E+02
      29     -0.725304242040E+02      0.407707883595E+02      0.274213390350E+02
      30     -0.725369175900E+02      0.407722682994E+02      0.235127658844E+02
      31     -0.724720086963E+02      0.407753551657E+02      0.297088737488E+02
      32     -0.724779291128E+02      0.407718718662E+02      0.303827419281E+02
      33     -0.724834572207E+02      0.407677914303E+02      0.305789489746E+02
      34     -0.724886037279E+02      0.407640950399E+02      0.303949050903E+02
      35     -0.724955071563E+02      0.407631106057E+02      0.297614250183E+02
      36     -0.725029517821E+02      0.407643528724E+02      0.294120044708E+02
      37     -0.725101180275E+02      0.407660538117E+02      0.293081722260E+02
      38     -0.725113744265E+02      0.407725475882E+02      0.285928974152E+02
      39     -0.725174155090E+02      0.407745941453E+02      0.280059242249E+02
      40     -0.725198613355E+02      0.407807012139E+02      0.259406471252E+02
      41     -0.725264665173E+02      0.407801130680E+02      0.246807670593E+02
      42     -0.725314377927E+02      0.407768263694E+02      0.248936958313E+02
      43     -0.725379719903E+02      0.407791053600E+02      0.180365085602E+02
      44     -0.724727351146E+02      0.407822229083E+02      0.280039710999E+02
      45     -0.724793474935E+02      0.407797622994E+02      0.282780475616E+02
      46     -0.724848180656E+02      0.407741520963E+02      0.295818653107E+02
      47     -0.724905432788E+02      0.407694069048E+02      0.298218173981E+02
      48     -0.724974937888E+02      0.407700854136E+02      0.291322612762E+02
      49     -0.725043683685E+02      0.407713479406E+02      0.288255329132E+02
      50     -0.725058337396E+02      0.407780309832E+02      0.277297248840E+02
      51     -0.725125680253E+02      0.407790797824E+02      0.272676753998E+02
      52     -0.725139381020E+02      0.407846193612E+02      0.257396488190E+02
      53     -0.725183840971E+02      0.407878486484E+02      0.225181674957E+02
      54     -0.725251559164E+02      0.407859475682E+02      0.196767101288E+02
      55     -0.725323077842E+02      0.407842741130E+02      0.208822593689E+02
      56     -0.725395629675E+02      0.407855671237E+02      0.163909530640E+02
      57     -0.724709085983E+02      0.407878786222E+02      0.271971492767E+02
      58     -0.724779272731E+02      0.407881519005E+02      0.268029232025E+02
      59     -0.724849017941E+02      0.407854345791E+02      0.269733734131E+02
      60     -0.724868415897E+02      0.407797773809E+02      0.281748161316E+02
      61     -0.724921595169E+02      0.407756774015E+02      0.287287940979E+02
      62     -0.724988724225E+02      0.407770837005E+02      0.280461444855E+02
      63     -0.725007413173E+02      0.407837055584E+02      0.269084091187E+02
      64     -0.725076955633E+02      0.407845275292E+02      0.263582210541E+02
      65     -0.725112859294E+02      0.407907666272E+02      0.243119182587E+02
      66     -0.725175223081E+02      0.407943052811E+02      0.225788650513E+02
      67     -0.725230909643E+02      0.407914012676E+02      0.191877880096E+02
      68     -0.725297240829E+02      0.407917895791E+02      0.188670196533E+02
      69     -0.725360358754E+02      0.407902778542E+02      0.161780891418E+02
      70     -0.725427669756E+02      0.407925812056E+02      0.170680141449E+02
      71     -0.725434053117E+02      0.407988989359E+02      0.180228977203E+02
      72     -0.724716646720E+02      0.407931284124E+02      0.269587364197E+02
      73     -0.724786224895E+02      0.407959812776E+02      0.252424354553E+02
      74     -0.724845598515E+02      0.407924760953E+02      0.261084022522E+02
      75     -0.724902050341E+02      0.407889887732E+02      0.266107826233E+02
      76     -0.724931764362E+02      0.407829015218E+02      0.272680644989E+02
      77     -0.724966968599E+02      0.407896396513E+02      0.263314685822E+02
      78     -0.725036060077E+02      0.407900854394E+02      0.256336803436E+02
      79     -0.725063672206E+02      0.407954234769E+02      0.240032863617E+02
      80     -0.725120617987E+02      0.407979462945E+02      0.224223499298E+02
      81     -0.725185225232E+02      0.408006973375E+02      0.210016040802E+02
      82     -0.725240229650E+02      0.407969697812E+02      0.204752368927E+02
      83     -0.725298323448E+02      0.407985126686E+02      0.192377967834E+02
      84     -0.725362078196E+02      0.407967505376E+02      0.185014228821E+02
      85     -0.725386678619E+02      0.408027990393E+02      0.170681648254E+02
      86     -0.724719425184E+02      0.407990324650E+02      0.250079402924E+02
      87     -0.724784534059E+02      0.408029419300E+02      0.200804843903E+02
      88     -0.724860431521E+02      0.407996216252E+02      0.210207901001E+02
      89     -0.724917790998E+02      0.407948131045E+02      0.254360694885E+02
      90     -0.724995850819E+02      0.407965468120E+02      0.242821598053E+02
      91     -0.725059356086E+02      0.408015648605E+02      0.212202301025E+02
      92     -0.725123990812E+02      0.408044893346E+02      0.199807624817E+02
      93     -0.725189742751E+02      0.408065195915E+02      0.183326072693E+02
      94     -0.725257105135E+02      0.408037603196E+02      0.185704269409E+02
      95     -0.725329392864E+02      0.408038701037E+02      0.174310379028E+02
      96     -0.725378675841E+02      0.408094006479E+02      0.143700513840E+02
      97     -0.724848547729E+02      0.408054554044E+02      0.194371490479E+02
      98     -0.724922239200E+02      0.408057170192E+02      0.212348594666E+02
      99     -0.724938109346E+02      0.408002700533E+02      0.241333522797E+02
     100     -0.724998029702E+02      0.408038851441E+02      0.225607719421E+02
     101     -0.725067321763E+02      0.408089174292E+02      0.182138175964E+02
     102     -0.725139268339E+02      0.408108573892E+02      0.155658130646E+02
     103     -0.725199562452E+02      0.408119332439E+02      0.155492849350E+02
     104     -0.725244603626E+02      0.408094804530E+02      0.157752714157E+02
     105     -0.725307237913E+02      0.408104188774E+02      0.146832551956E+02
     106     -0.725361772431E+02      0.408160285499E+02      0.896628856660E+01
     107     -0.725396310000E+02      0.408222740000E+02      0.175918257240E+01
     108     -0.724875019380E+02      0.408100402477E+02      0.191022491455E+02
     109     -0.724937268022E+02      0.408117435382E+02      0.186748657227E+02
     110     -0.724993881182E+02      0.408096842950E+02      0.191835079193E+02
     111     -0.725043235228E+02      0.408149160013E+02      0.162061004639E+02
     112     -0.725111400586E+02      0.408165570096E+02      0.146521444321E+02
     113     -0.725180404718E+02      0.408167378333E+02      0.139335088730E+02
     114     -0.725251738786E+02      0.408154240326E+02      0.124454727173E+02
     115     -0.725312779152E+02      0.408171536222E+02      0.871262454990E+01
     116     -0.725354120000E+02      0.408236350000E+02      0.149313664440E+01
     117     -0.724986039053E+02      0.408148824194E+02      0.172244319916E+02
     118     -0.725007050201E+02      0.408198848947E+02      0.146061840057E+02
     119     -0.725066067716E+02      0.408208168317E+02      0.133565778732E+02
     120     -0.725116253684E+02      0.408234381706E+02      0.880208683010E+01
     121     -0.725167956118E+02      0.408229168775E+02      0.709321689610E+01
     122     -0.725227301425E+02      0.408213060368E+02      0.719922161100E+01
     123     -0.725285135618E+02      0.408209933639E+02      0.642705869670E+01
     124     -0.725311720000E+02      0.408249280000E+02      0.150702428820E+01
     125     -0.725032797203E+02      0.408250086065E+02      0.970422840120E+01
     126     -0.725081986554E+02      0.408270576945E+02      0.611082220080E+01
     127     -0.725141940000E+02      0.408300480000E+02      0.132728910450E+01
     128     -0.725184370000E+02      0.408287630000E+02      0.127337169650E+01
     129     -0.725226810000E+02      0.408274810000E+02      0.171313476560E+01
     130     -0.725269270000E+02      0.408262060000E+02      0.182953345780E+01
     131     -0.725039159036E+02      0.408295222882E+02      0.482780456540E+01
     132     -0.725057230000E+02      0.408326660000E+02      0.136844861510E+01
     133     -0.725099540000E+02      0.408313440000E+02      0.156366086010E+01
       1       3       8       9       1
       2       3       9       2       1
       3       3      10       2       9
       4       3       3       2      10
       5       3      10      11       3
       6       3      11       4       3
       7       3       4      11      12
       8       3       5       4      12
       9       3      12       6       5
      10       3      12      13       6
      11       3       7       6      13
      12       3       7      13      14
      13       3      19       8      18
      14       3      19       9       8
      15       3       9      19      20
      16       3      21       9      20
      17       3      10       9      21
      18       3      21      11      10
      19       3      21      22      11
      20       3      22      23      11
      21       3      23      12      11
      22       3      23      24      12
      23       3      24      13      12
      24       3      24      25      13
      25       3      25      14      13
      26       3      25      15      14
      27       3      25      26      15
      28       3      15      26      16
      29       3      16      26      27
      30       3      16      27      17
      31       3      17      27      28
      32       3      28      29      17
      33       3      31      32      18
      34       3      19      18      32
      35       3      33      19      32
      36       3      20      19      33
      37       3      33      34      20
      38       3      20      34      22
      39       3      20      22      21
      40       3      22      34      35
      41       3      23      22      35
      42       3      24      23      35
      43       3      24      35      36
      44       3      25      24      36
      45       3      25      36      37
      46       3      26      25      37
      47       3      26      37      27
      48       3      38      27      37
      49       3      38      39      27
      50       3      27      39      28
      51       3      28      39      40
      52       3      28      40      41
      53       3      41      42      28
      54       3      42      29      28
      55       3      42      30      29
      56       3      42      43      30
      57       3      31      44      45
      58       3      32      31      45
      59       3      46      32      45
      60       3      32      46      33
      61       3      46      47      33
      62       3      33      47      34
      63       3      35      34      47
      64       3      35      47      48
      65       3      36      35      48
      66       3      36      48      49
      67       3      49      37      36
      68       3      49      38      37
      69       3      38      49      50
      70       3      38      50      51
      71       3      39      38      51
      72       3      39      51      40
      73       3      52      40      51
      74       3      52      53      40
      75       3      40      53      54
      76       3      41      40      54
      77       3      54      55      41
      78       3      55      42      41
      79       3      43      42      55
      80       3      43      55      56
      81       3      57      58      44
      82       3      58      45      44
      83       3      45      58      59
      84       3      60      45      59
      85       3      46      45      60
      86       3      60      61      46
      87       3      46      61      47
      88       3      61      48      47
      89       3      61      62      48
      90       3      62      49      48
      91       3      62      50      49
      92       3      50      62      63
      93       3      50      63      64
      94       3      64      51      50
      95       3      64      52      51
      96       3      65      52      64
      97       3      53      52      65
      98       3      53      65      66
      99       3      53      66      67
     100       3      54      53      67
     101       3      67      68      54
     102       3      68      55      54
     103       3      68      69      55
     104       3      69      56      55
     105       3      56      69      70
     106       3      58      57      72
     107       3      58      72      73
     108       3      74      58      73
     109       3      59      58      74
     110       3      74      75      59
     111       3      76      59      75
     112       3      76      60      59
     113       3      60      76      61
     114       3      76      62      61
     115       3      76      63      62
     116       3      77      63      76
     117       3      63      77      78
     118       3      64      63      78
     119       3      78      65      64
     120       3      79      65      78
     121       3      79      80      65
     122       3      66      65      80
     123       3      66      80      81
     124       3      66      81      82
     125       3      67      66      82
     126       3      68      67      82
     127       3      68      82      83
     128       3      68      83      84
     129       3      69      68      84
     130       3      84      70      69
     131       3      84      71      70
     132       3      85      71      84
     133       3      86      73      72
     134       3      73      86      87
     135       3      88      73      87
     136       3      74      73      88
     137       3      88      89      74
     138       3      74      89      75
     139       3      77      75      89
     140       3      75      77      76
     141       3      77      89      90
     142       3      78      77      90
     143       3      78      90      79
     144       3      91      79      90
     145       3      91      80      79
     146       3      91      92      80
     147       3      81      80      92
     148       3      81      92      93
     149       3      81      93      94
     150       3      82      81      94
     151       3      94      83      82
     152       3      95      83      94
     153       3      95      84      83
     154       3      95      85      84
     155       3      96      85      95
     156       3      88      87      97
     157       3      97      98      88
     158       3      98      99      88
     159       3      88      99      89
     160       3      99      90      89
     161       3      99     100      90
     162       3     100      91      90
     163       3      91     100     101
     164       3     101      92      91
     165       3     101     102      92
     166       3     102      93      92
     167       3     102     103      93
     168       3      93     103     104
     169       3      94      93     104
     170       3     104     105      94
     171       3     105      95      94
     172       3     105      96      95
     173       3     106      96     105
     174       3     108      98      97
     175       3     108     109      98
     176       3     109     110      98
     177       3     100      98     110
     178       3     100      99      98
     179       3     100     110     101
     180       3     101     110     111
     181       3     111     112     101
     182       3     112     102     101
     183       3     112     113     102
     184       3     113     103     102
     185       3     103     113     114
     186       3     104     103     114
     187       3     114     105     104
     188       3     114     115     105
     189       3     115     106     105
     190       3     106     115     116
     191       3     107     106     116
     192       3     109     117     110
     193       3     110     117     111
     194       3     111     117     118
     195       3     111     118     119
     196       3     119     112     111
     197       3     120     112     119
     198       3     112     120     121
     199       3     113     112     121
     200       3     113     121     122
     201       3     114     113     122
     202       3     122     123     114
     203       3     123     115     114
     204       3     116     115     123
     205       3     116     123     124
     206       3     125     119     118
     207       3     126     119     125
     208       3     126     120     119
     209       3     120     126     127
     210       3     121     120     127
     211       3     121     127     128
     212       3     128     129     121
     213       3     121     129     122
     214       3     130     122     129
     215       3     130     123     122
     216       3     124     123     130
     217       3     131     126     125
     218       3     126     131     132
     219       3     126     132     133
     220       3     127     126     133
 0                    ! Number of open boundaries                               
 0                   ! Total number of open boundary nodes                      
 1 = Number of land boundaries                                                  
 9 = Total number of land boundary nodes                                        
       9       0  = Number of nodes for land boundary 1                         
     132
     133
     127
     128
     129
     130
     124
     116
     107
