RES NODE          14          96
                   9          10          11          12          13          19
                  20          21          22          23          24          25
                  26          27          28          32          33          34
                  35          36          37          38          39          40
                  41          42          45          46          47          48
                  49          50          51          52          53          54
                  55          58          59          60          61          62
                  63          64          65          66          67          68
                  69          73          74          75          76          77
                  78          79          80          81          82          83
                  84          88          89          90          91          92
                  93          94          95          98          99         100
                 101         102         103         104         105         110
                 111         112         113         114         115         116
                 119         120         121         122         123         124
                 126         127         128         129         130         133
COMM PE            4
RECV PE            8           7
                   2           3           4           5           6           7
                  14
RECV PE           10          13
                  15          16          17          29          30          43
                  56          70          71          85          96         106
                 107
RECV PE           13           9
                  87          97         108         109         117         118
                 125         131         132
RECV PE           15           8
                   1           8          18          31          44          57
                  72          86
SEND PE            8           6
                   9          10          11          12          13          25
SEND PE           10          12
                  25          26          27          28          42          55
                  69          84          95         105         115         116
SEND PE           13           8
                  73          88          98         110         111         119
                 126         133
SEND PE           15           6
                   9          19          32          45          58          73
