 Shinacock Inlet Coarse Grid                                                    
     209     125
       1     -0.720683638578E+02      0.406640986447E+02      0.507154197693E+02
       2     -0.720759694202E+02      0.406459731045E+02      0.516602592468E+02
       3     -0.720841499692E+02      0.406280922483E+02      0.526246795654E+02
       4     -0.720933757567E+02      0.406107233574E+02      0.533036918640E+02
       5     -0.721030792968E+02      0.405936158114E+02      0.539225921631E+02
       6     -0.721144881059E+02      0.405776067076E+02      0.545671424866E+02
       7     -0.721265713723E+02      0.405620871889E+02      0.551159591675E+02
       8     -0.721386682155E+02      0.405465778203E+02      0.556639060974E+02
       9     -0.720793254848E+02      0.406717405073E+02      0.500075607300E+02
      10     -0.720965672392E+02      0.406589095206E+02      0.503636169434E+02
      11     -0.720983460189E+02      0.406383136985E+02      0.515661354065E+02
      12     -0.721035104337E+02      0.406174426445E+02      0.526101531982E+02
      13     -0.721197411918E+02      0.406056495666E+02      0.527918777466E+02
      14     -0.721258045705E+02      0.405864137200E+02      0.538113174438E+02
      15     -0.721438217694E+02      0.405774012306E+02      0.538779029846E+02
      16     -0.721513236367E+02      0.405592267947E+02      0.546793365479E+02
      17     -0.720926556671E+02      0.406828131439E+02      0.490362167358E+02
      18     -0.721070973454E+02      0.406743857384E+02      0.491677017212E+02
      19     -0.721180555256E+02      0.406621425930E+02      0.495733642578E+02
      20     -0.721161838642E+02      0.406457514409E+02      0.505570297241E+02
      21     -0.721166954263E+02      0.406269776065E+02      0.516646385193E+02
      22     -0.721317370338E+02      0.406169164906E+02      0.518228111267E+02
      23     -0.721407177037E+02      0.405996755832E+02      0.526516876221E+02
      24     -0.721569457581E+02      0.405892956632E+02      0.529133911133E+02
      25     -0.721666887557E+02      0.405727089760E+02      0.537288093567E+02
      26     -0.721091124947E+02      0.406913300350E+02      0.481149673462E+02
      27     -0.721221915374E+02      0.406795689323E+02      0.484567832947E+02
      28     -0.721334429206E+02      0.406685247744E+02      0.487842864990E+02
      29     -0.721363284211E+02      0.406525168297E+02      0.496326866150E+02
      30     -0.721334930447E+02      0.406343229303E+02      0.507392234802E+02
      31     -0.721475225185E+02      0.406195522800E+02      0.512997703552E+02
      32     -0.721605503674E+02      0.406059670809E+02      0.518200874329E+02
      33     -0.721741270832E+02      0.405923109757E+02      0.523642921448E+02
      34     -0.721872397184E+02      0.405791321580E+02      0.529074401855E+02
      35     -0.721271157747E+02      0.406957197304E+02      0.475028839111E+02
      36     -0.721387983315E+02      0.406821551535E+02      0.479473228455E+02
      37     -0.721504048675E+02      0.406697082512E+02      0.483304519653E+02
      38     -0.721537307657E+02      0.406548762466E+02      0.491055641174E+02
      39     -0.721517158492E+02      0.406380594296E+02      0.501166038513E+02
      40     -0.721648258878E+02      0.406227946872E+02      0.507104034424E+02
      41     -0.721796101063E+02      0.406110168977E+02      0.510861511230E+02
      42     -0.721919605682E+02      0.405961598323E+02      0.517492637634E+02
      43     -0.721437398134E+02      0.406942069528E+02      0.473281211853E+02
      44     -0.721555314441E+02      0.406864745704E+02      0.475361328125E+02
      45     -0.721673224511E+02      0.406798040745E+02      0.476497383118E+02
      46     -0.721675395638E+02      0.406649665622E+02      0.482679824829E+02
      47     -0.721665699061E+02      0.406491851987E+02      0.491446647644E+02
      48     -0.721690586720E+02      0.406366209518E+02      0.498112754822E+02
      49     -0.721816548114E+02      0.406291595408E+02      0.499583969116E+02
      50     -0.721946945035E+02      0.406237894866E+02      0.500588569641E+02
      51     -0.721967251755E+02      0.406105975657E+02      0.507472991943E+02
      52     -0.722089457051E+02      0.406031478597E+02      0.509437217712E+02
      53     -0.721570320292E+02      0.407006284942E+02      0.468724822998E+02
      54     -0.721721256096E+02      0.406962603414E+02      0.468956718445E+02
      55     -0.721818921832E+02      0.406871590511E+02      0.472046356201E+02
      56     -0.721815647693E+02      0.406756847316E+02      0.476961097717E+02
      57     -0.721835178517E+02      0.406649502018E+02      0.481529235840E+02
      58     -0.721790732954E+02      0.406558301284E+02      0.486170005798E+02
      59     -0.721825536684E+02      0.406444605499E+02      0.491413269043E+02
      60     -0.721971936238E+02      0.406407340378E+02      0.492328567505E+02
      61     -0.722076521749E+02      0.406311047704E+02      0.496499595642E+02
      62     -0.722104010707E+02      0.406190960871E+02      0.500785102844E+02
      63     -0.722247773336E+02      0.406152758996E+02      0.500790100098E+02
      64     -0.721686561855E+02      0.407110154124E+02      0.462777023315E+02
      65     -0.721844257643E+02      0.407090306726E+02      0.461219444275E+02
      66     -0.721905575417E+02      0.406977525674E+02      0.465880546570E+02
      67     -0.721971071801E+02      0.406839298106E+02      0.472192993164E+02
      68     -0.721941758296E+02      0.406707036371E+02      0.478129539490E+02
      69     -0.721952347572E+02      0.406566384146E+02      0.484811058044E+02
      70     -0.722107793657E+02      0.406545343498E+02      0.485011558533E+02
      71     -0.722122080208E+02      0.406412677479E+02      0.491366500854E+02
      72     -0.722236486891E+02      0.406317857611E+02      0.494830245972E+02
      73     -0.722389532271E+02      0.406296220628E+02      0.494135894775E+02
      74     -0.721862203404E+02      0.407416408043E+02      0.447334594727E+02
      75     -0.721870877210E+02      0.407303235726E+02      0.452180557251E+02
      76     -0.721800207047E+02      0.407209385077E+02      0.456836624146E+02
      77     -0.721949640186E+02      0.407210250645E+02      0.454475517273E+02
      78     -0.722011124460E+02      0.407104624785E+02      0.457949180603E+02
      79     -0.722053880173E+02      0.406977017418E+02      0.464036979675E+02
      80     -0.722123099528E+02      0.406853545343E+02      0.469662704468E+02
      81     -0.722076647230E+02      0.406702038118E+02      0.477572441101E+02
      82     -0.722228018252E+02      0.406658017442E+02      0.478977775574E+02
      83     -0.722268031320E+02      0.406551924257E+02      0.483941955566E+02
      84     -0.722228997716E+02      0.406454868681E+02      0.488823051453E+02
      85     -0.722375671268E+02      0.406459352020E+02      0.487918548584E+02
      86     -0.722513158410E+02      0.406420047236E+02      0.488451652527E+02
      87     -0.722008815401E+02      0.407599969405E+02      0.435510368347E+02
      88     -0.721989916646E+02      0.407467764587E+02      0.444217033386E+02
      89     -0.721989118344E+02      0.407336102536E+02      0.449933776855E+02
      90     -0.722116110577E+02      0.407246312767E+02      0.451440658569E+02
      91     -0.722163700271E+02      0.407107224496E+02      0.456333312988E+02
      92     -0.722176569478E+02      0.406967414486E+02      0.463338088989E+02
      93     -0.722287602869E+02      0.406886926800E+02      0.466955986023E+02
      94     -0.722212041139E+02      0.406773436890E+02      0.473369483948E+02
      95     -0.722345117997E+02      0.406755637223E+02      0.473497657776E+02
      96     -0.722382732120E+02      0.406621453132E+02      0.479910316467E+02
      97     -0.722526683068E+02      0.406579748400E+02      0.480643424988E+02
      98     -0.722148260657E+02      0.407623037005E+02      0.430627098083E+02
      99     -0.722123306296E+02      0.407496394445E+02      0.440526504517E+02
     100     -0.722101096066E+02      0.407381657395E+02      0.447262573242E+02
     101     -0.722244078672E+02      0.407377468295E+02      0.445091018677E+02
     102     -0.722283235025E+02      0.407235963222E+02      0.449694404602E+02
     103     -0.722296219430E+02      0.407104981344E+02      0.455163879395E+02
     104     -0.722268044929E+02      0.407011867086E+02      0.460292434692E+02
     105     -0.722395069075E+02      0.407001426480E+02      0.460231056213E+02
     106     -0.722434481733E+02      0.406864530495E+02      0.467443618774E+02
     107     -0.722487641158E+02      0.406730512671E+02      0.473934173584E+02
     108     -0.722629734116E+02      0.406720120313E+02      0.472655334473E+02
     109     -0.722240037136E+02      0.407520545869E+02      0.438379592896E+02
     110     -0.722360573412E+02      0.407483996201E+02      0.438914337158E+02
     111     -0.722417434455E+02      0.407351850377E+02      0.441194152832E+02
     112     -0.722430414945E+02      0.407220799464E+02      0.446315650940E+02
     113     -0.722390031692E+02      0.407130982555E+02      0.453246154785E+02
     114     -0.722517279704E+02      0.407097417998E+02      0.452712173462E+02
     115     -0.722520764029E+02      0.406966691098E+02      0.460918235779E+02
     116     -0.722578944541E+02      0.406854286831E+02      0.466940574646E+02
     117     -0.722715995818E+02      0.406853203259E+02      0.464743194580E+02
     118     -0.722507483224E+02      0.407486571437E+02      0.431252899170E+02
     119     -0.722583644018E+02      0.407375903371E+02      0.431175308228E+02
     120     -0.722543970251E+02      0.407246537827E+02      0.441810455322E+02
     121     -0.722634772106E+02      0.407138847327E+02      0.447562484741E+02
     122     -0.722655613678E+02      0.406998409136E+02      0.456025085449E+02
     123     -0.722804421261E+02      0.406971197273E+02      0.455844917297E+02
     124     -0.722677717824E+02      0.407253851221E+02      0.438235664368E+02
     125     -0.722766323489E+02      0.407116167074E+02      0.446446647644E+02
       1       3       1       9       2
       2       3       2       9      10
       3       3      10      11       2
       4       3      11       3       2
       5       3      11      12       3
       6       3      12       4       3
       7       3      12       5       4
       8       3      13       5      12
       9       3      13      14       5
      10       3      14       6       5
      11       3      14       7       6
      12       3      14      15       7
      13       3      15      16       7
      14       3       7      16       8
      15       3      17      10       9
      16       3      17      18      10
      17       3      18      19      10
      18       3      19      20      10
      19       3      10      20      11
      20       3      20      21      11
      21       3      12      11      21
      22       3      13      12      21
      23       3      21      22      13
      24       3      22      23      13
      25       3      14      13      23
      26       3      15      14      23
      27       3      23      24      15
      28       3      24      25      15
      29       3      15      25      16
      30       3      17      26      18
      31       3      27      18      26
      32       3      18      27      19
      33       3      27      28      19
      34       3      19      28      29
      35       3      19      29      20
      36       3      29      30      20
      37       3      20      30      21
      38       3      30      22      21
      39       3      31      22      30
      40       3      22      31      23
      41       3      31      32      23
      42       3      24      23      32
      43       3      32      33      24
      44       3      33      25      24
      45       3      33      34      25
      46       3      27      26      35
      47       3      36      27      35
      48       3      27      36      28
      49       3      37      28      36
      50       3      29      28      37
      51       3      38      29      37
      52       3      29      38      39
      53       3      29      39      30
      54       3      31      30      39
      55       3      40      31      39
      56       3      40      32      31
      57       3      41      32      40
      58       3      32      41      33
      59       3      41      42      33
      60       3      42      34      33
      61       3      36      35      43
      62       3      36      43      44
      63       3      37      36      44
      64       3      37      44      45
      65       3      46      37      45
      66       3      38      37      46
      67       3      47      38      46
      68       3      38      47      39
      69       3      47      48      39
      70       3      40      39      48
      71       3      40      48      49
      72       3      41      40      49
      73       3      41      49      50
      74       3      51      41      50
      75       3      41      51      42
      76       3      51      52      42
      77       3      44      43      53
      78       3      44      53      54
      79       3      45      44      54
      80       3      55      45      54
      81       3      55      56      45
      82       3      45      56      46
      83       3      56      57      46
      84       3      58      46      57
      85       3      58      47      46
      86       3      59      47      58
      87       3      59      48      47
      88       3      49      48      59
      89       3      59      60      49
      90       3      60      50      49
      91       3      61      50      60
      92       3      62      50      61
      93       3      62      51      50
      94       3      62      52      51
      95       3      62      63      52
      96       3      54      53      64
      97       3      64      65      54
      98       3      65      66      54
      99       3      55      54      66
     100       3      67      55      66
     101       3      56      55      67
     102       3      68      56      67
     103       3      68      57      56
     104       3      69      57      68
     105       3      69      58      57
     106       3      59      58      69
     107       3      60      59      69
     108       3      60      69      70
     109       3      71      60      70
     110       3      61      60      71
     111       3      71      72      61
     112       3      61      72      62
     113       3      72      63      62
     114       3      72      73      63
     115       3      65      64      76
     116       3      65      76      77
     117       3      78      65      77
     118       3      65      78      66
     119       3      78      79      66
     120       3      79      67      66
     121       3      80      67      79
     122       3      81      67      80
     123       3      81      68      67
     124       3      69      68      81
     125       3      70      69      81
     126       3      81      82      70
     127       3      82      83      70
     128       3      70      83      84
     129       3      70      84      71
     130       3      71      84      72
     131       3      84      85      72
     132       3      85      73      72
     133       3      73      85      86
     134       3      74      88      89
     135       3      74      89      75
     136       3      89      77      75
     137       3      75      77      76
     138       3      89      90      77
     139       3      77      90      78
     140       3      90      91      78
     141       3      79      78      91
     142       3      92      79      91
     143       3      80      79      92
     144       3      92      93      80
     145       3      93      94      80
     146       3      80      94      81
     147       3      94      82      81
     148       3      95      82      94
     149       3      82      95      96
     150       3      82      96      83
     151       3      85      83      96
     152       3      85      84      83
     153       3      85      96      97
     154       3      86      85      97
     155       3      99      87      98
     156       3      99      88      87
     157       3     100      88      99
     158       3      89      88     100
     159       3      89     100      90
     160       3      90     100     101
     161       3     102      90     101
     162       3      91      90     102
     163       3     103      91     102
     164       3      91     103     104
     165       3      91     104      92
     166       3      92     104      93
     167       3     104     105      93
     168       3     105     106      93
     169       3      95      93     106
     170       3      95      94      93
     171       3     107      95     106
     172       3      95     107      96
     173       3     107      97      96
     174       3     107     108      97
     175       3      99      98     109
     176       3     101      99     109
     177       3     101     100      99
     178       3     109     110     101
     179       3     110     111     101
     180       3     101     111     102
     181       3     111     112     102
     182       3     102     112     113
     183       3     102     113     103
     184       3     105     103     113
     185       3     105     104     103
     186       3     105     113     114
     187       3     115     105     114
     188       3     106     105     115
     189       3     116     106     115
     190       3     107     106     116
     191       3     108     107     116
     192       3     108     116     117
     193       3     110     118     111
     194       3     118     119     111
     195       3     111     119     120
     196       3     111     120     112
     197       3     112     120     114
     198       3     112     114     113
     199       3     120     121     114
     200       3     114     121     122
     201       3     114     122     115
     202       3     115     122     116
     203       3     122     117     116
     204       3     117     122     123
     205       3     124     120     119
     206       3     120     124     121
     207       3     124     125     121
     208       3     122     121     125
     209       3     123     122     125
 1                    ! Number of open boundaries                               
 8                   ! Total number of open boundary nodes                      
 8                   ! Number of nodes for open boundary 1                      
           8
           7
           6
           5
           4
           3
           2
           1
 0 = Number of land boundaries                                                  
 0 = Total number of land boundary nodes                                        
