RES NODE          26          92
                   2           3           4           5           6           7
                  10          11          12          13          14          15
                  18          19          20          21          22          23
                  24          27          28          29          30          31
                  32          33          36          37          38          39
                  40          41          44          45          46          47
                  48          49          50          51          54          55
                  56          57          58          59          60          61
                  62          65          66          67          68          69
                  70          71          72          77          78          79
                  80          81          82          83          84          85
                  89          90          91          92          93          94
                  95          96          99         100         101         102
                 103         104         105         106         107         111
                 112         113         114         115         116         120
                 121         122
COMM PE            4
RECV PE           24           4
                  98         109         110         118
RECV PE           27          13
                   1           9          17          26          35          43
                  53          64          74          75          76          87
                  88
RECV PE           30           4
                 119         123         124         125
RECV PE           31          12
                   8          16          25          34          42          52
                  63          73          86          97         108         117
SEND PE           24           3
                  99         101         111
SEND PE           27          12
                   2          10          18          27          36          44
                  54          65          77          89          99         100
SEND PE           30           4
                 111         120         121         122
SEND PE           31          13
                   7          15          24          33          41          51
                  62          72          85          96         107         116
                 122
