RES NODE          25          97
                   1           2           3           4           5           6
                   7           8           9          10          11          13
                  14          15          16          17          18          19
                  20          21          23          24          25          26
                  27          28          29          30          32          33
                  34          35          36          37          38          39
                  41          42          43          44          45          46
                  47          48          50          51          52          53
                  54          55          56          57          59          60
                  61          62          63          64          65          66
                  68          69          70          71          72          73
                  74          75          76          77          78          80
                  81          82          83          84          85          86
                  87          88          92          93          94          95
                  96          97          98         100         101         102
                 103         104         105         106         108         109
                 111
COMM PE            2
RECV PE           24          10
                  89          90          99         107         110         112
                 113         114         115         116
RECV PE           27           9
                  12          22          31          40          49          58
                  67          79          91
SEND PE           24          10
                  77          78          88          98         102         103
                 106         108         109         111
SEND PE           27          10
                  11          21          29          30          38          39
                  48          57          66          78
