 Shinacock Inlet Coarse Grid                                                    
     190     116
       1     -0.720576782709E+02      0.409902316949E+02      0.428780412670E+01
       2     -0.720521937363E+02      0.409713426805E+02      0.138250312805E+02
       3     -0.720469687227E+02      0.409523807323E+02      0.209117679596E+02
       4     -0.720419219761E+02      0.409333711002E+02      0.267318344116E+02
       5     -0.720383639854E+02      0.409140633429E+02      0.295063266754E+02
       6     -0.720356475499E+02      0.408945960472E+02      0.325089149475E+02
       7     -0.720333771409E+02      0.408750775725E+02      0.353112182617E+02
       8     -0.720327867472E+02      0.408554188356E+02      0.373126220703E+02
       9     -0.720325120636E+02      0.408357519077E+02      0.397821807861E+02
      10     -0.720334145465E+02      0.408161166979E+02      0.411419334412E+02
      11     -0.720346858872E+02      0.407964923293E+02      0.419862251282E+02
      12     -0.720371130643E+02      0.407769899860E+02      0.435323219299E+02
      13     -0.720690973480E+02      0.409720528141E+02      0.122778568268E+02
      14     -0.720826237109E+02      0.409813712913E+02      0.469889593120E+01
      15     -0.720700151246E+02      0.409522168932E+02      0.204998474121E+02
      16     -0.720595458824E+02      0.409365213416E+02      0.256736221313E+02
      17     -0.720574018388E+02      0.409168199552E+02      0.289077243805E+02
      18     -0.720522532693E+02      0.408923370093E+02      0.333622093201E+02
      19     -0.720507001771E+02      0.408675491400E+02      0.366375083923E+02
      20     -0.720481293320E+02      0.408439326631E+02      0.387669448853E+02
      21     -0.720480149691E+02      0.408182555889E+02      0.408665885925E+02
      22     -0.720526013890E+02      0.407947498311E+02      0.420220832825E+02
      23     -0.720858711292E+02      0.409649328690E+02      0.143677282333E+02
      24     -0.721063938731E+02      0.409742677583E+02      0.513172531130E+01
      25     -0.720940982160E+02      0.409485498757E+02      0.189913272858E+02
      26     -0.720778568133E+02      0.409284176139E+02      0.261619148254E+02
      27     -0.720713052078E+02      0.409030289641E+02      0.310717830658E+02
      28     -0.720698762244E+02      0.408779863607E+02      0.354866905212E+02
      29     -0.720643708378E+02      0.408538443654E+02      0.375101051331E+02
      30     -0.720613274211E+02      0.408325512187E+02      0.399100646973E+02
      31     -0.720673059551E+02      0.408124381767E+02      0.410837745667E+02
      32     -0.721142765078E+02      0.409556779944E+02      0.143030424118E+02
      33     -0.721282648138E+02      0.409663602788E+02      0.529333448410E+01
      34     -0.721137999852E+02      0.409391987297E+02      0.193586425781E+02
      35     -0.720986698537E+02      0.409276600207E+02      0.246240749359E+02
      36     -0.720896846775E+02      0.409096010917E+02      0.286227188110E+02
      37     -0.720854517350E+02      0.408909858379E+02      0.327947311401E+02
      38     -0.720924669998E+02      0.408737361700E+02      0.348225555420E+02
      39     -0.720794502857E+02      0.408593699118E+02      0.367435340881E+02
      40     -0.720776933002E+02      0.408369867855E+02      0.391229362488E+02
      41     -0.721331989323E+02      0.409473647659E+02      0.150501890182E+02
      42     -0.721486774349E+02      0.409587217049E+02      0.536061191560E+01
      43     -0.721302532529E+02      0.409315113438E+02      0.200622806549E+02
      44     -0.721176640812E+02      0.409218373101E+02      0.238181800842E+02
      45     -0.721061903210E+02      0.409109189239E+02      0.281882495880E+02
      46     -0.721042368823E+02      0.408928047051E+02      0.318569583893E+02
      47     -0.721125485190E+02      0.408758665408E+02      0.337532882690E+02
      48     -0.721068003132E+02      0.408617877585E+02      0.358897018433E+02
      49     -0.720933725167E+02      0.408521003610E+02      0.373041114807E+02
      50     -0.721521967537E+02      0.409451226471E+02      0.129805107117E+02
      51     -0.721481338245E+02      0.409308206830E+02      0.186910018921E+02
      52     -0.721678401359E+02      0.409516499092E+02      0.500475835800E+01
      53     -0.721357968257E+02      0.409164607256E+02      0.248028049469E+02
      54     -0.721216666154E+02      0.409046386435E+02      0.284668960571E+02
      55     -0.721241586782E+02      0.408889119745E+02      0.310061950684E+02
      56     -0.721290132738E+02      0.408740226783E+02      0.332149658203E+02
      57     -0.721248104918E+02      0.408597154357E+02      0.356013450623E+02
      58     -0.721112935880E+02      0.408466176321E+02      0.375519981384E+02
      59     -0.721672092515E+02      0.409383217290E+02      0.136442613602E+02
      60     -0.721666334301E+02      0.409255146186E+02      0.186214332581E+02
      61     -0.721537014040E+02      0.409139121062E+02      0.235396842957E+02
      62     -0.721857432707E+02      0.409448728706E+02      0.511228084560E+01
      63     -0.721398670838E+02      0.408996138660E+02      0.282639732361E+02
      64     -0.721406651109E+02      0.408823712204E+02      0.311795463562E+02
      65     -0.721430385771E+02      0.408650633664E+02      0.349046707153E+02
      66     -0.721421262603E+02      0.408494311895E+02      0.367933349609E+02
      67     -0.721286961756E+02      0.408449533953E+02      0.373798294067E+02
      68     -0.721838977325E+02      0.409328818979E+02      0.136914796829E+02
      69     -0.721833083888E+02      0.409209050036E+02      0.182048435211E+02
      70     -0.721713972490E+02      0.409142752758E+02      0.214102439880E+02
      71     -0.721692625750E+02      0.409039692768E+02      0.242079677582E+02
      72     -0.721558718448E+02      0.409004119415E+02      0.262772789001E+02
      73     -0.722026863057E+02      0.409389796193E+02      0.434388160710E+01
      74     -0.721542544125E+02      0.408883928053E+02      0.288949699402E+02
      75     -0.721553206843E+02      0.408756843175E+02      0.316722946167E+02
      76     -0.721587203298E+02      0.408640656683E+02      0.339512367249E+02
      77     -0.721574584747E+02      0.408528970619E+02      0.361023063660E+02
      78     -0.721569610123E+02      0.408392784897E+02      0.376273231506E+02
      79     -0.721412021226E+02      0.408328225100E+02      0.385482101440E+02
      80     -0.721994058816E+02      0.409276558178E+02      0.135977087021E+02
      81     -0.721950258000E+02      0.409165211855E+02      0.184783630371E+02
      82     -0.721851326913E+02      0.409066639713E+02      0.232110900879E+02
      83     -0.721807825622E+02      0.408936409479E+02      0.262479152679E+02
      84     -0.721668335697E+02      0.408930655491E+02      0.268810997009E+02
      85     -0.722184505236E+02      0.409331336018E+02      0.542505359650E+01
      86     -0.721713479440E+02      0.408815871612E+02      0.295558280945E+02
      87     -0.721683946946E+02      0.408700477116E+02      0.320829696655E+02
      88     -0.721723123922E+02      0.408582942504E+02      0.344296646118E+02
      89     -0.721732286117E+02      0.408452048006E+02      0.362969474792E+02
      90     -0.721719236372E+02      0.408314466190E+02      0.378757057190E+02
      91     -0.721571724664E+02      0.408248210783E+02      0.390196228027E+02
      92     -0.722087148620E+02      0.409190104039E+02      0.158119783401E+02
      93     -0.721999237019E+02      0.409078226679E+02      0.210624160767E+02
      94     -0.721969304115E+02      0.408953159525E+02      0.250668106079E+02
      95     -0.721882241249E+02      0.408819735636E+02      0.285621032715E+02
      96     -0.722212346968E+02      0.409190435891E+02      0.146134471893E+02
      97     -0.722331290122E+02      0.409273996582E+02      0.449318981170E+01
      98     -0.721816126260E+02      0.408690789365E+02      0.319594707489E+02
      99     -0.721878260397E+02      0.408542691399E+02      0.342581787109E+02
     100     -0.722125791595E+02      0.409052817026E+02      0.199970397949E+02
     101     -0.722112800043E+02      0.408926854150E+02      0.243374805450E+02
     102     -0.722032077947E+02      0.408818949807E+02      0.277121524811E+02
     103     -0.721956220286E+02      0.408694178973E+02      0.307212238312E+02
     104     -0.722336988146E+02      0.409172093072E+02      0.118782949448E+02
     105     -0.722257080516E+02      0.409085614885E+02      0.179615001678E+02
     106     -0.722470469269E+02      0.409224610186E+02      0.558677673340E+01
     107     -0.722027221246E+02      0.408595591905E+02      0.321128082275E+02
     108     -0.722255230395E+02      0.408966248980E+02      0.214130001068E+02
     109     -0.722181931843E+02      0.408828003637E+02      0.267637310028E+02
     110     -0.722112165552E+02      0.408704655736E+02      0.297513351440E+02
     111     -0.722381962472E+02      0.409074949532E+02      0.172198410034E+02
     112     -0.722511827555E+02      0.409067042823E+02      0.147327203751E+02
     113     -0.722598586213E+02      0.409172227908E+02      0.517462444310E+01
     114     -0.722406166055E+02      0.408950174215E+02      0.204157276154E+02
     115     -0.722310117399E+02      0.408852418889E+02      0.249814128876E+02
     116     -0.722267257298E+02      0.408719419456E+02      0.284846744537E+02
       1       3      14      13       1
       2       3      13       2       1
       3       3      15       2      13
       4       3       2      15       3
       5       3       3      15      16
       6       3       3      16       4
       7       3       4      16      17
       8       3       4      17       5
       9       3       5      17      18
      10       3       5      18       6
      11       3       7       6      18
      12       3       7      18      19
      13       3      19       8       7
      14       3       8      19      20
      15       3       9       8      20
      16       3      20      21       9
      17       3      10       9      21
      18       3      10      21      11
      19       3      22      11      21
      20       3      11      22      12
      21       3      14      23      13
      22       3      13      23      15
      23       3      24      23      14
      24       3      23      25      15
      25       3      15      25      26
      26       3      16      15      26
      27       3      16      26      17
      28       3      17      26      27
      29       3      17      27      18
      30       3      18      27      28
      31       3      18      28      19
      32       3      19      28      29
      33       3      19      29      20
      34       3      20      29      30
      35       3      20      30      21
      36       3      21      30      31
      37       3      21      31      22
      38       3      23      24      25
      39       3      24      33      32
      40       3      32      25      24
      41       3      32      34      25
      42       3      25      34      35
      43       3      25      35      26
      44       3      26      35      36
      45       3      26      36      27
      46       3      27      36      37
      47       3      27      37      28
      48       3      37      38      28
      49       3      28      38      39
      50       3      28      39      29
      51       3      29      39      40
      52       3      29      40      30
      53       3      40      31      30
      54       3      32      33      41
      55       3      32      41      34
      56       3      41      33      42
      57       3      41      43      34
      58       3      34      43      44
      59       3      34      44      35
      60       3      35      44      45
      61       3      35      45      36
      62       3      36      45      46
      63       3      36      46      37
      64       3      37      46      38
      65       3      46      47      38
      66       3      47      48      38
      67       3      48      49      38
      68       3      38      49      39
      69       3      39      49      40
      70       3      41      42      50
      71       3      41      50      51
      72       3      51      43      41
      73       3      42      52      50
      74       3      43      51      53
      75       3      43      53      44
      76       3      53      54      44
      77       3      44      54      45
      78       3      45      54      46
      79       3      54      55      46
      80       3      47      46      55
      81       3      56      47      55
      82       3      47      56      57
      83       3      47      57      48
      84       3      48      57      58
      85       3      58      49      48
      86       3      50      52      59
      87       3      50      59      51
      88       3      60      51      59
      89       3      51      60      61
      90       3      51      61      53
      91       3      62      59      52
      92       3      63      53      61
      93       3      63      54      53
      94       3      54      63      55
      95       3      64      55      63
      96       3      55      64      56
      97       3      56      64      65
      98       3      56      65      57
      99       3      57      65      66
     100       3      57      66      67
     101       3      57      67      58
     102       3      68      59      62
     103       3      59      68      60
     104       3      68      69      60
     105       3      60      69      70
     106       3      60      70      61
     107       3      61      70      71
     108       3      61      71      72
     109       3      72      63      61
     110       3      62      73      68
     111       3      63      72      74
     112       3      64      63      74
     113       3      75      64      74
     114       3      64      75      65
     115       3      75      76      65
     116       3      65      76      77
     117       3      65      77      66
     118       3      77      78      66
     119       3      66      78      79
     120       3      79      67      66
     121       3      80      68      73
     122       3      68      80      69
     123       3      80      81      69
     124       3      69      81      82
     125       3      69      82      70
     126       3      70      82      71
     127       3      82      83      71
     128       3      71      83      84
     129       3      84      72      71
     130       3      74      72      84
     131       3      80      73      85
     132       3      86      74      84
     133       3      74      86      75
     134       3      86      87      75
     135       3      75      87      76
     136       3      87      88      76
     137       3      76      88      77
     138       3      88      89      77
     139       3      77      89      78
     140       3      89      90      78
     141       3      78      90      91
     142       3      78      91      79
     143       3      92      80      85
     144       3      80      92      81
     145       3      81      92      93
     146       3      81      93      82
     147       3      94      82      93
     148       3      94      83      82
     149       3      95      83      94
     150       3      83      95      86
     151       3      84      83      86
     152       3      85      97      96
     153       3      85      96      92
     154       3      86      95      98
     155       3      86      98      87
     156       3      87      98      88
     157       3      98      99      88
     158       3      88      99      89
     159       3     100      92      96
     160       3      92     100      93
     161       3      93     100      94
     162       3     100     101      94
     163       3      94     101     102
     164       3     102      95      94
     165       3      95     102     103
     166       3      95     103      98
     167       3      97     104      96
     168       3     105      96     104
     169       3     105     100      96
     170       3     106     104      97
     171       3      98     103      99
     172       3     103     107      99
     173       3     100     105     108
     174       3     100     108     101
     175       3     109     101     108
     176       3     101     109     102
     177       3     109     110     102
     178       3     102     110     103
     179       3     103     110     107
     180       3     106     111     104
     181       3     111     105     104
     182       3     108     105     111
     183       3     113     112     106
     184       3     106     112     111
     185       3     114     108     111
     186       3     115     108     114
     187       3     115     109     108
     188       3     109     115     116
     189       3     109     116     110
     190       3     114     111     112
 1                    ! Number of open boundaries                               
 12                   ! Total number of open boundary nodes                     
 12                   ! Number of nodes for open boundary 1                     
          12
          11
          10
           9
           8
           7
           6
           5
           4
           3
           2
           1
 1 = Number of land boundaries                                                  
 12 = Total number of land boundary nodes                                       
      12       0  = Number of nodes for land boundary 1                         
       1
      14
      24
      33
      42
      52
      62
      73
      85
      97
     106
     113
