RES NODE           6          99
                   7           9          10          11          13          14
                  15          17          18          19          20          21
                  22          23          24          28          29          30
                  31          32          33          34          35          36
                  38          39          40          41          42          43
                  44          45          46          47          48          49
                  51          52          53          54          55          56
                  57          58          59          60          61          63
                  64          65          66          67          68          69
                  70          71          72          73          75          76
                  77          78          79          80          81          82
                  83          84          85          86          88          89
                  90          91          92          93          94          95
                  96          98          99         100         101         102
                 103         104         105         106         109         110
                 111         112         113         114         115         119
                 120         121         124
COMM PE            3
RECV PE            7          14
                   1           2           3           4           5           6
                   8          12          16          25          26          27
                  37          50
RECV PE           10           8
                  97         107         108         116         117         118
                 122         123
RECV PE           11           3
                  62          74          87
SEND PE            7          14
                   7           9          10          11          13          14
                  17          18          28          38          39          40
                  51          63
SEND PE           10           8
                  98          99         100         109         110         111
                 119         124
SEND PE           11           4
                  63          75          88          98
