 Shinacock Inlet Coarse Grid                                                    
     208     124
       1     -0.727001595060E+02      0.407782050493E+02      0.128497517110E+01
       2     -0.726679130267E+02      0.407400032008E+02      0.270462894440E+02
       3     -0.726776524560E+02      0.407382601160E+02      0.263661479950E+02
       4     -0.726861996262E+02      0.407437896311E+02      0.223422908783E+02
       5     -0.726953433088E+02      0.407609652932E+02      0.169364166260E+02
       6     -0.726956966972E+02      0.407714858696E+02      0.933028030400E+01
       7     -0.726907109100E+02      0.407810888727E+02      0.109194898610E+01
       8     -0.726571703364E+02      0.407436785018E+02      0.269035453796E+02
       9     -0.726646322213E+02      0.407496981031E+02      0.247868766785E+02
      10     -0.726745130368E+02      0.407472953810E+02      0.243835144043E+02
      11     -0.726800014729E+02      0.407542893684E+02      0.211843452454E+02
      12     -0.726887675800E+02      0.407538280701E+02      0.189699039459E+02
      13     -0.726851332279E+02      0.407627667022E+02      0.171552028656E+02
      14     -0.726880204835E+02      0.407718544902E+02      0.109902391434E+02
      15     -0.726815864483E+02      0.407831689063E+02      0.116695153710E+01
      16     -0.726471555685E+02      0.407446297845E+02      0.272526473999E+02
      17     -0.726491814343E+02      0.407521511595E+02      0.245457534790E+02
      18     -0.726563842606E+02      0.407530017691E+02      0.239625129700E+02
      19     -0.726603995991E+02      0.407588674749E+02      0.218603191376E+02
      20     -0.726701171905E+02      0.407569698837E+02      0.217754745483E+02
      21     -0.726765584302E+02      0.407635809859E+02      0.181673831940E+02
      22     -0.726802781507E+02      0.407719478089E+02      0.126312160492E+02
      23     -0.726754200306E+02      0.407786623530E+02      0.921696376800E+01
      24     -0.726731801126E+02      0.407859908725E+02      0.102859473230E+01
      25     -0.726251233537E+02      0.407421172578E+02      0.285275859833E+02
      26     -0.726339431141E+02      0.407398391707E+02      0.283485336304E+02
      27     -0.726391618572E+02      0.407448772976E+02      0.277159347534E+02
      28     -0.726398895249E+02      0.407526192426E+02      0.259558658600E+02
      29     -0.726438624306E+02      0.407589995601E+02      0.232599582672E+02
      30     -0.726513549910E+02      0.407611205311E+02      0.214141197205E+02
      31     -0.726566113072E+02      0.407681235905E+02      0.177116737366E+02
      32     -0.726637820363E+02      0.407645899200E+02      0.177613086700E+02
      33     -0.726694341572E+02      0.407659434247E+02      0.179339962006E+02
      34     -0.726723133513E+02      0.407721500737E+02      0.139442214966E+02
      35     -0.726682844032E+02      0.407799243936E+02      0.981539535520E+01
      36     -0.726650383627E+02      0.407881003333E+02      0.115111589430E+01
      37     -0.726160085489E+02      0.407407546428E+02      0.294521770477E+02
      38     -0.726180363387E+02      0.407485561267E+02      0.284059028625E+02
      39     -0.726250613936E+02      0.407509009376E+02      0.274001350403E+02
      40     -0.726321107865E+02      0.407477949879E+02      0.275330467224E+02
      41     -0.726318255669E+02      0.407554567425E+02      0.260989971161E+02
      42     -0.726363342225E+02      0.407622850183E+02      0.233492031097E+02
      43     -0.726430169595E+02      0.407666187330E+02      0.206522064209E+02
      44     -0.726490141432E+02      0.407693632498E+02      0.187243728638E+02
      45     -0.726510810623E+02      0.407759175264E+02      0.149799652100E+02
      46     -0.726573776783E+02      0.407763276361E+02      0.139652700424E+02
      47     -0.726640166053E+02      0.407729490290E+02      0.148302822113E+02
      48     -0.726611474422E+02      0.407819756464E+02      0.977265357970E+01
      49     -0.726573674359E+02      0.407902679108E+02      0.104523193840E+01
      50     -0.726067238168E+02      0.407399102286E+02      0.298418445587E+02
      51     -0.726111774221E+02      0.407467086907E+02      0.291465301514E+02
      52     -0.726113651848E+02      0.407547656546E+02      0.279978580475E+02
      53     -0.726189675752E+02      0.407562622250E+02      0.270412387848E+02
      54     -0.726250695087E+02      0.407577998676E+02      0.260590972900E+02
      55     -0.726290063572E+02      0.407619606118E+02      0.239834766388E+02
      56     -0.726294248707E+02      0.407681956693E+02      0.210072116852E+02
      57     -0.726362271573E+02      0.407714970612E+02      0.189116401672E+02
      58     -0.726431206380E+02      0.407753889616E+02      0.162982044220E+02
      59     -0.726477358356E+02      0.407827649877E+02      0.114803562164E+02
      60     -0.726540082199E+02      0.407836695733E+02      0.987633419040E+01
      61     -0.726500416851E+02      0.407921129817E+02      0.103990781310E+01
      62     -0.725984181309E+02      0.407449369190E+02      0.296911487579E+02
      63     -0.726048355107E+02      0.407491429669E+02      0.288910846710E+02
      64     -0.726042665236E+02      0.407568760289E+02      0.271475200653E+02
      65     -0.726083998204E+02      0.407634720393E+02      0.244201564789E+02
      66     -0.726149439540E+02      0.407616860356E+02      0.259469680786E+02
      67     -0.726218327520E+02      0.407642965805E+02      0.236862907410E+02
      68     -0.726227776988E+02      0.407716366422E+02      0.198913497925E+02
      69     -0.726293962110E+02      0.407757214948E+02      0.177999687195E+02
      70     -0.726354946156E+02      0.407803725583E+02      0.146023206711E+02
      71     -0.726416146390E+02      0.407825110156E+02      0.125775156021E+02
      72     -0.726444623021E+02      0.407880067396E+02      0.830275535580E+01
      73     -0.726430582236E+02      0.407936976733E+02      0.156677865980E+01
      74     -0.725914350897E+02      0.407512957202E+02      0.280729770660E+02
      75     -0.725982052692E+02      0.407528359805E+02      0.280939788818E+02
      76     -0.725980580859E+02      0.407592651385E+02      0.259981822968E+02
      77     -0.726016974627E+02      0.407631267179E+02      0.245566959381E+02
      78     -0.726019586414E+02      0.407691243421E+02      0.226924266815E+02
      79     -0.726080477883E+02      0.407707773871E+02      0.226947612762E+02
      80     -0.726150098789E+02      0.407688703976E+02      0.232752418518E+02
      81     -0.726175266527E+02      0.407752949271E+02      0.200235347748E+02
      82     -0.726229046292E+02      0.407788997052E+02      0.176496620178E+02
      83     -0.726283830935E+02      0.407833489452E+02      0.142477445602E+02
      84     -0.726326446449E+02      0.407889901914E+02      0.998608589170E+01
      85     -0.726385147235E+02      0.407881608417E+02      0.947434520720E+01
      86     -0.726364706339E+02      0.407953273368E+02      0.158154487610E+01
      87     -0.725846670225E+02      0.407564488250E+02      0.264898109436E+02
      88     -0.725922589469E+02      0.407580007635E+02      0.263691291809E+02
      89     -0.725950765678E+02      0.407654624317E+02      0.239111022949E+02
      90     -0.725960353644E+02      0.407728359501E+02      0.216781425476E+02
      91     -0.726035552831E+02      0.407767158428E+02      0.200592441559E+02
      92     -0.726112759366E+02      0.407761009683E+02      0.202501392365E+02
      93     -0.726161715682E+02      0.407814445076E+02      0.172998886108E+02
      94     -0.726217717641E+02      0.407855678559E+02      0.138627567291E+02
      95     -0.726267181176E+02      0.407909467751E+02      0.960667133330E+01
      96     -0.726303125505E+02      0.407971827453E+02      0.145125007630E+01
      97     -0.725821207557E+02      0.407650641971E+02      0.247767486572E+02
      98     -0.725883986186E+02      0.407629128203E+02      0.251441402435E+02
      99     -0.725889232584E+02      0.407695069578E+02      0.231807289124E+02
     100     -0.725896317346E+02      0.407763867448E+02      0.216649532318E+02
     101     -0.725967694578E+02      0.407796012231E+02      0.198520717621E+02
     102     -0.726026326620E+02      0.407843328951E+02      0.172689018250E+02
     103     -0.726093094058E+02      0.407826974873E+02      0.172050151825E+02
     104     -0.726151014987E+02      0.407882499084E+02      0.132162094116E+02
     105     -0.726214366491E+02      0.407916146226E+02      0.100743160248E+02
     106     -0.726244536683E+02      0.407988572354E+02      0.163542473320E+01
     107     -0.725828517818E+02      0.407732967451E+02      0.184677677155E+02
     108     -0.725837768272E+02      0.407815140716E+02      0.199862251282E+02
     109     -0.725908350905E+02      0.407823118850E+02      0.193465194702E+02
     110     -0.725961145799E+02      0.407861915755E+02      0.173559856415E+02
     111     -0.726015114347E+02      0.407916088496E+02      0.136242103577E+02
     112     -0.726081943239E+02      0.407895690890E+02      0.134000225067E+02
     113     -0.726134000356E+02      0.407949779281E+02      0.895069217680E+01
     114     -0.726185692608E+02      0.407947662750E+02      0.829945755000E+01
     115     -0.726188630353E+02      0.408003161539E+02      0.196175813670E+01
     116     -0.725887580041E+02      0.407878474169E+02      0.172747802734E+02
     117     -0.725943141009E+02      0.407913976819E+02      0.149924678802E+02
     118     -0.725964953273E+02      0.407963499974E+02      0.119056787491E+02
     119     -0.726030511429E+02      0.407984793322E+02      0.925428867340E+01
     120     -0.726079656643E+02      0.407964246727E+02      0.901346206670E+01
     121     -0.726136193666E+02      0.408018912298E+02      0.185108613970E+01
     122     -0.725990309155E+02      0.408011454793E+02      0.823432254790E+01
     123     -0.726039042855E+02      0.408046608424E+02      0.129607319830E+01
     124     -0.726086743152E+02      0.408034643214E+02      0.134058475490E+01
       1       3       1       6       7
       2       3       2       8       9
       3       3       9      10       2
       4       3      10       3       2
       5       3       4       3      10
       6       3      11       4      10
       7       3       4      11      12
       8       3      12      13       5
       9       3      13      14       5
      10       3      14       6       5
      11       3       7       6      14
      12       3      15       7      14
      13       3       8      16      17
      14       3       8      17      18
      15       3       8      18       9
      16       3       9      18      19
      17       3      19      20       9
      18       3      20      10       9
      19       3      11      10      20
      20       3      21      11      20
      21       3      21      13      11
      22       3      13      12      11
      23       3      13      21      22
      24       3      13      22      14
      25       3      22      15      14
      26       3      23      15      22
      27       3      23      24      15
      28       3      28      16      27
      29       3      28      17      16
      30       3      29      17      28
      31       3      17      29      30
      32       3      18      17      30
      33       3      18      30      19
      34       3      31      19      30
      35       3      32      19      31
      36       3      32      20      19
      37       3      32      33      20
      38       3      33      21      20
      39       3      34      21      33
      40       3      21      34      22
      41       3      23      22      34
      42       3      35      23      34
      43       3      23      35      24
      44       3      36      24      35
      45       3      38      25      37
      46       3      38      39      25
      47       3      39      40      25
      48       3      40      26      25
      49       3      26      40      27
      50       3      27      40      28
      51       3      40      41      28
      52       3      28      41      42
      53       3      42      29      28
      54       3      43      29      42
      55       3      43      30      29
      56       3      43      44      30
      57       3      30      44      31
      58       3      31      44      45
      59       3      31      45      46
      60       3      46      47      31
      61       3      32      31      47
      62       3      47      33      32
      63       3      47      34      33
      64       3      34      47      35
      65       3      47      48      35
      66       3      35      48      36
      67       3      49      36      48
      68       3      37      50      51
      69       3      37      51      38
      70       3      38      51      52
      71       3      38      52      53
      72       3      53      39      38
      73       3      53      54      39
      74       3      39      54      41
      75       3      40      39      41
      76       3      55      41      54
      77       3      41      55      42
      78       3      42      55      56
      79       3      57      42      56
      80       3      57      43      42
      81       3      57      58      43
      82       3      44      43      58
      83       3      44      58      45
      84       3      45      58      59
      85       3      45      59      60
      86       3      46      45      60
      87       3      46      60      48
      88       3      47      46      48
      89       3      48      60      49
      90       3      61      49      60
      91       3      63      50      62
      92       3      50      63      51
      93       3      51      63      52
      94       3      63      64      52
      95       3      65      52      64
      96       3      65      66      52
      97       3      66      53      52
      98       3      66      67      53
      99       3      67      54      53
     100       3      67      55      54
     101       3      55      67      56
     102       3      67      68      56
     103       3      69      56      68
     104       3      56      69      57
     105       3      57      69      70
     106       3      70      58      57
     107       3      70      71      58
     108       3      58      71      59
     109       3      59      71      72
     110       3      61      59      72
     111       3      60      59      61
     112       3      61      72      73
     113       3      62      74      75
     114       3      75      63      62
     115       3      64      63      75
     116       3      76      64      75
     117       3      77      64      76
     118       3      77      65      64
     119       3      65      77      78
     120       3      65      78      79
     121       3      65      79      80
     122       3      66      65      80
     123       3      67      66      80
     124       3      67      80      68
     125       3      81      68      80
     126       3      81      82      68
     127       3      82      69      68
     128       3      69      82      83
     129       3      69      83      70
     130       3      84      70      83
     131       3      84      85      70
     132       3      85      71      70
     133       3      71      85      72
     134       3      72      85      73
     135       3      73      85      86
     136       3      74      87      88
     137       3      75      74      88
     138       3      75      88      76
     139       3      76      88      89
     140       3      89      77      76
     141       3      78      77      89
     142       3      90      78      89
     143       3      91      78      90
     144       3      78      91      79
     145       3      79      91      92
     146       3      80      79      92
     147       3      80      92      81
     148       3      93      81      92
     149       3      82      81      93
     150       3      82      93      94
     151       3      82      94      83
     152       3      95      83      94
     153       3      95      84      83
     154       3      96      84      95
     155       3      96      86      84
     156       3      86      85      84
     157       3      97      98      87
     158       3      98      88      87
     159       3      88      98      89
     160       3      89      98      99
     161       3      89      99      90
     162       3      90      99     100
     163       3      90     100     101
     164       3     101      91      90
     165       3     102      91     101
     166       3     102     103      91
     167       3     103      92      91
     168       3     103      93      92
     169       3     104      93     103
     170       3      94      93     104
     171       3      94     104     105
     172       3     105      95      94
     173       3     106      95     105
     174       3     106      96      95
     175       3      99      97     107
     176       3      98      97      99
     177       3     107     100      99
     178       3     100     107     108
     179       3     100     108     109
     180       3     101     100     109
     181       3     101     109     110
     182       3     110     102     101
     183       3     102     110     111
     184       3     102     111     112
     185       3     103     102     112
     186       3     112     104     103
     187       3     104     112     113
     188       3     104     113     114
     189       3     105     104     114
     190       3     105     114     106
     191       3     106     114     115
     192       3     109     108     116
     193       3     110     109     116
     194       3     110     116     117
     195       3     110     117     111
     196       3     118     111     117
     197       3     118     119     111
     198       3     111     119     120
     199       3     112     111     120
     200       3     112     120     113
     201       3     121     113     120
     202       3     121     115     113
     203       3     115     114     113
     204       3     122     119     118
     205       3     123     119     122
     206       3     123     124     119
     207       3     124     120     119
     208       3     124     121     120
 0                    ! Number of open boundaries                               
 0                   ! Total number of open boundary nodes                      
 1 = Number of land boundaries                                                  
 15 = Total number of land boundary nodes                                       
      15       0  = Number of nodes for land boundary 1                         
     123
     124
     121
     115
     106
      96
      86
      73
      61
      49
      36
      24
      15
       7
       1
