RES NODE          19         103
                   3           4           6           7           8          13
                  14          15          16          17          19          20
                  22          23          24          25          26          27
                  28          29          30          32          33          34
                  35          36          37          38          39          41
                  42          43          44          45          46          47
                  48          50          51          52          53          54
                  55          58          59          60          61          64
                  65          72          74          75          77          78
                  79          81          82          83          84          85
                  86          87          88          90          91          92
                  93          94          95          96          97          98
                  99         100         101         102         103         104
                 105         106         107         108         109         110
                 111         112         113         114         115         116
                 117         118         119         120         121         122
                 123         124         125         126         127         128
                 129
COMM PE            3
RECV PE           18          10
                  31          40          49          56          57          62
                  63          66          67          68
RECV PE           21           7
                  69          70          71          73          76          80
                  89
RECV PE           24           9
                   1           2           5           9          10          11
                  12          18          21
SEND PE           18          10
                  20          30          39          47          48          54
                  55          61          64          65
SEND PE           21           7
                  72          74          75          79          83          87
                  88
SEND PE           24           7
                   3           4           8          17          19          20
                  22
