 Shinacock Inlet Coarse Grid                                                    
     194     129
       1     -0.722793554009E+02      0.408964946061E+02      0.144447116852E+02
       2     -0.722831257918E+02      0.409077502217E+02      0.482755327220E+01
       3     -0.722936777021E+02      0.409034527536E+02      0.482783317570E+01
       4     -0.722906573559E+02      0.408911598916E+02      0.148750171661E+02
       5     -0.722786443405E+02      0.408836941343E+02      0.193669586182E+02
       6     -0.723036714739E+02      0.408996919081E+02      0.518452358250E+01
       7     -0.723010136617E+02      0.408878623146E+02      0.148863029480E+02
       8     -0.722900980180E+02      0.408773889489E+02      0.199929618835E+02
       9     -0.722771711590E+02      0.408709828109E+02      0.234448719025E+02
      10     -0.722752991210E+02      0.408317949131E+02      0.318154430389E+02
      11     -0.722763246790E+02      0.408181593441E+02      0.343122253418E+02
      12     -0.722760997243E+02      0.408576267096E+02      0.274330501556E+02
      13     -0.723130413638E+02      0.408961891982E+02      0.459280347820E+01
      14     -0.723112572709E+02      0.408867301413E+02      0.128413944244E+02
      15     -0.723022592246E+02      0.408770899151E+02      0.181478481293E+02
      16     -0.722956816064E+02      0.408644634366E+02      0.233701362610E+02
      17     -0.722856366327E+02      0.408645050193E+02      0.244408664703E+02
      18     -0.722755828688E+02      0.408451208258E+02      0.298364715576E+02
      19     -0.722844482046E+02      0.408392758145E+02      0.300219268799E+02
      20     -0.722866484963E+02      0.408276012228E+02      0.316838912964E+02
      21     -0.722889302331E+02      0.408150688201E+02      0.336197624207E+02
      22     -0.722876703338E+02      0.408517234254E+02      0.274684429169E+02
      23     -0.723220205518E+02      0.408934832675E+02      0.323138237000E+01
      24     -0.723209376373E+02      0.408861918331E+02      0.869485282900E+01
      25     -0.723140354886E+02      0.408796703068E+02      0.155190343857E+02
      26     -0.723106866368E+02      0.408732404741E+02      0.188615856171E+02
      27     -0.723048138868E+02      0.408682262022E+02      0.216153526306E+02
      28     -0.723058758858E+02      0.408601516862E+02      0.233517570496E+02
      29     -0.722990294227E+02      0.408519691350E+02      0.255727024078E+02
      30     -0.722950263632E+02      0.408390117329E+02      0.293515720367E+02
      31     -0.722980978471E+02      0.408247812124E+02      0.314861621857E+02
      32     -0.723303270923E+02      0.408906078141E+02      0.414338111880E+01
      33     -0.723290118927E+02      0.408851949660E+02      0.715314912800E+01
      34     -0.723232147574E+02      0.408800484181E+02      0.136261777878E+02
      35     -0.723194449733E+02      0.408731441256E+02      0.177092552185E+02
      36     -0.723130027884E+02      0.408665798641E+02      0.212709159851E+02
      37     -0.723163885258E+02      0.408599840724E+02      0.219929161072E+02
      38     -0.723104606142E+02      0.408528755965E+02      0.234443950653E+02
      39     -0.723056471814E+02      0.408443978690E+02      0.268398532867E+02
      40     -0.723050697665E+02      0.408343757423E+02      0.298558063507E+02
      41     -0.723380681505E+02      0.408877904188E+02      0.358160328870E+01
      42     -0.723322142515E+02      0.408809414811E+02      0.101548376083E+02
      43     -0.723276648958E+02      0.408756947477E+02      0.153037433624E+02
      44     -0.723279013781E+02      0.408697856903E+02      0.179689502716E+02
      45     -0.723209779610E+02      0.408662856426E+02      0.198753185272E+02
      46     -0.723270990870E+02      0.408619971023E+02      0.204592914581E+02
      47     -0.723214682745E+02      0.408543952084E+02      0.225354061127E+02
      48     -0.723168839597E+02      0.408473187513E+02      0.230388450623E+02
      49     -0.723128091477E+02      0.408402894494E+02      0.271733913422E+02
      50     -0.723390068481E+02      0.408814275921E+02      0.759016513820E+01
      51     -0.723452708004E+02      0.408850099686E+02      0.419628953930E+01
      52     -0.723354702113E+02      0.408749686373E+02      0.143395051956E+02
      53     -0.723351791905E+02      0.408676457028E+02      0.177625541687E+02
      54     -0.723367934682E+02      0.408611713638E+02      0.199049930573E+02
      55     -0.723304424530E+02      0.408558949489E+02      0.221271247864E+02
      56     -0.723280210149E+02      0.408486268749E+02      0.238024101257E+02
      57     -0.723217245028E+02      0.408412988052E+02      0.254215812683E+02
      58     -0.723443538311E+02      0.408784618262E+02      0.791061925890E+01
      59     -0.723418718404E+02      0.408725341113E+02      0.145705528259E+02
      60     -0.723520610649E+02      0.408825104029E+02      0.601453495030E+01
      61     -0.723436601314E+02      0.408671604269E+02      0.168911323547E+02
      62     -0.723451929490E+02      0.408605380079E+02      0.189102535248E+02
      63     -0.723383169813E+02      0.408536920779E+02      0.219439086914E+02
      64     -0.723501460616E+02      0.408745428266E+02      0.102146282196E+02
      65     -0.723584587630E+02      0.408802616584E+02      0.381582641600E+01
      66     -0.723513190818E+02      0.408671778223E+02      0.160576457977E+02
      67     -0.723573147945E+02      0.408733298063E+02      0.726411008830E+01
      68     -0.723644472753E+02      0.408781335495E+02      0.317791509630E+01
      69     -0.725561550000E+02      0.408397910000E+02      0.171497619150E+01
      70     -0.725582902845E+02      0.408360002979E+02      0.232377839090E+01
      71     -0.725568456078E+02      0.408316523379E+02      0.234474539760E+01
      72     -0.725605870000E+02      0.408397440000E+02      0.110011327270E+01
      73     -0.725584733845E+02      0.408269219639E+02      0.201042652130E+01
      74     -0.725620651937E+02      0.408361777909E+02      0.232461333270E+01
      75     -0.725611584989E+02      0.408329556676E+02      0.232585620880E+01
      76     -0.725607577379E+02      0.408297350142E+02      0.227999997140E+01
      77     -0.725637563875E+02      0.408386623315E+02      0.181762790680E+01
      78     -0.725648440000E+02      0.408407560000E+02      0.108500003810E+01
      79     -0.725636577988E+02      0.408270976348E+02      0.227999997140E+01
      80     -0.725626210218E+02      0.408240781365E+02      0.196205353740E+01
      81     -0.725652525904E+02      0.408369601932E+02      0.232981419560E+01
      82     -0.725653175429E+02      0.408338331804E+02      0.229112648960E+01
      83     -0.725646349326E+02      0.408303427675E+02      0.222361254690E+01
      84     -0.725671967470E+02      0.408399599761E+02      0.170838212970E+01
      85     -0.725679210000E+02      0.408439300000E+02      0.108500003810E+01
      86     -0.725683346271E+02      0.408275421287E+02      0.227999997140E+01
      87     -0.725671635886E+02      0.408243605150E+02      0.187479805950E+01
      88     -0.725660590000E+02      0.408213990000E+02      0.108500003810E+01
      89     -0.725616740000E+02      0.408207550000E+02      0.145142209530E+01
      90     -0.725678626571E+02      0.408368225599E+02      0.228242635730E+01
      91     -0.725692276528E+02      0.408343164516E+02      0.204265594480E+01
      92     -0.725682193188E+02      0.408311943059E+02      0.232658100130E+01
      93     -0.725696536592E+02      0.408425624507E+02      0.112505698200E+01
      94     -0.725700824780E+02      0.408395198163E+02      0.218044114110E+01
      95     -0.725715900000E+02      0.408463820000E+02      0.108500003810E+01
      96     -0.725716949488E+02      0.408296259586E+02      0.220406007770E+01
      97     -0.725725749804E+02      0.408269871215E+02      0.265432000160E+01
      98     -0.725718034056E+02      0.408240025320E+02      0.228038811680E+01
      99     -0.725704580000E+02      0.408214160000E+02      0.101240384580E+01
     100     -0.725706788395E+02      0.408369094845E+02      0.215214657780E+01
     101     -0.725730950000E+02      0.408356090000E+02      0.157085454460E+01
     102     -0.725714058416E+02      0.408325318226E+02      0.227876853940E+01
     103     -0.725717262218E+02      0.408424126871E+02      0.178209078310E+01
     104     -0.725731630000E+02      0.408384480000E+02      0.157158112530E+01
     105     -0.725733920000E+02      0.408457070000E+02      0.116118454930E+01
     106     -0.725744050000E+02      0.408315440000E+02      0.156801545620E+01
     107     -0.725759492977E+02      0.408286906546E+02      0.204087662700E+01
     108     -0.725756873579E+02      0.408253749792E+02      0.248805332180E+01
     109     -0.725756316250E+02      0.408225783978E+02      0.226088666920E+01
     110     -0.725745240000E+02      0.408196750000E+02      0.101033318040E+01
     111     -0.725781960000E+02      0.408315910000E+02      0.108500003810E+01
     112     -0.725798246714E+02      0.408298224360E+02      0.202710938450E+01
     113     -0.725791105050E+02      0.408264104878E+02      0.227999997140E+01
     114     -0.725791123806E+02      0.408232870091E+02      0.227999997140E+01
     115     -0.725782161934E+02      0.408205204827E+02      0.182885468010E+01
     116     -0.725785610000E+02      0.408178440000E+02      0.110291993620E+01
     117     -0.725820790000E+02      0.408335220000E+02      0.108283770080E+01
     118     -0.725829850000E+02      0.408306090000E+02      0.176886665820E+01
     119     -0.725815905776E+02      0.408278813242E+02      0.129982531070E+01
     120     -0.725828710000E+02      0.408239870000E+02      0.137473452090E+01
     121     -0.725818050000E+02      0.408204530000E+02      0.164665019510E+01
     122     -0.725809758162E+02      0.408184902060E+02      0.110249269010E+01
     123     -0.725824590000E+02      0.408157450000E+02      0.150000000000E+01
     124     -0.725838689153E+02      0.408183353302E+02      0.150000000000E+01
     125     -0.725854090379E+02      0.408213050870E+02      0.108500003810E+01
     126     -0.725858850000E+02      0.408156230000E+02      0.228695130350E+01
     127     -0.725859960000E+02      0.408130740000E+02      0.174709737300E+01
     128     -0.725863520000E+02      0.408188350000E+02      0.150000000000E+01
     129     -0.725896970000E+02      0.408134180000E+02      0.150000000000E+01
       1       3       2       3       1
       2       3       1       3       4
       3       3       1       4       5
       4       3       3       6       4
       5       3       6       7       4
       6       3       8       4       7
       7       3       4       8       5
       8       3       5       8       9
       9       3       6      13       7
      10       3      14       7      13
      11       3      15       7      14
      12       3      15       8       7
      13       3       8      15      16
      14       3       8      16      17
      15       3       8      17       9
      16       3       9      17      12
      17       3      18      19      10
      18       3      19      20      10
      19       3      10      20      11
      20       3      20      21      11
      21       3      17      22      12
      22       3      12      22      18
      23       3      23      14      13
      24       3      14      23      24
      25       3      25      14      24
      26       3      25      15      14
      27       3      25      26      15
      28       3      27      15      26
      29       3      15      27      16
      30       3      27      28      16
      31       3      16      28      29
      32       3      16      29      22
      33       3      17      16      22
      34       3      22      19      18
      35       3      22      30      19
      36       3      19      30      20
      37       3      30      31      20
      38       3      20      31      21
      39       3      22      29      30
      40       3      24      23      32
      41       3      33      24      32
      42       3      34      24      33
      43       3      34      25      24
      44       3      35      25      34
      45       3      35      26      25
      46       3      26      35      36
      47       3      36      27      26
      48       3      36      28      27
      49       3      36      37      28
      50       3      38      28      37
      51       3      38      29      28
      52       3      39      29      38
      53       3      39      30      29
      54       3      40      30      39
      55       3      40      31      30
      56       3      33      32      41
      57       3      41      42      33
      58       3      42      34      33
      59       3      42      43      34
      60       3      34      43      35
      61       3      35      43      44
      62       3      35      44      45
      63       3      35      45      36
      64       3      36      45      37
      65       3      37      45      46
      66       3      37      46      47
      67       3      47      38      37
      68       3      48      38      47
      69       3      48      39      38
      70       3      39      48      49
      71       3      40      39      49
      72       3      41      51      50
      73       3      50      42      41
      74       3      52      42      50
      75       3      43      42      52
      76       3      43      52      44
      77       3      52      53      44
      78       3      46      44      53
      79       3      46      45      44
      80       3      54      46      53
      81       3      46      54      55
      82       3      46      55      47
      83       3      56      47      55
      84       3      56      48      47
      85       3      48      56      57
      86       3      48      57      49
      87       3      50      51      58
      88       3      59      50      58
      89       3      52      50      59
      90       3      51      60      58
      91       3      53      52      59
      92       3      61      53      59
      93       3      54      53      61
      94       3      62      54      61
      95       3      63      54      62
      96       3      54      63      55
      97       3      56      55      63
      98       3      60      64      58
      99       3      58      64      59
     100       3      59      64      61
     101       3      65      64      60
     102       3      64      66      61
     103       3      61      66      62
     104       3      67      64      65
     105       3      66      64      67
     106       3      67      65      68
     107       3      72      70      69
     108       3      74      70      72
     109       3      74      75      70
     110       3      70      75      71
     111       3      75      76      71
     112       3      77      72      78
     113       3      72      77      74
     114       3      79      73      76
     115       3      73      79      80
     116       3      81      74      77
     117       3      82      74      81
     118       3      82      75      74
     119       3      83      75      82
     120       3      83      76      75
     121       3      83      79      76
     122       3      78      84      77
     123       3      81      77      84
     124       3      85      84      78
     125       3      86      79      83
     126       3      79      86      87
     127       3      87      80      79
     128       3      87      88      80
     129       3      88      89      80
     130       3      90      81      84
     131       3      82      81      90
     132       3      91      82      90
     133       3      92      82      91
     134       3      92      83      82
     135       3      92      86      83
     136       3      85      93      84
     137       3      94      84      93
     138       3      90      84      94
     139       3      95      93      85
     140       3      92      96      86
     141       3      96      97      86
     142       3      98      86      97
     143       3      98      87      86
     144       3      98      99      87
     145       3      99      88      87
     146       3     100      90      94
     147       3      91      90     100
     148       3     101      91     100
     149       3     102      91     101
     150       3      91     102      92
     151       3     102      96      92
     152       3      93      95     103
     153       3     103      94      93
     154       3     104      94     103
     155       3      94     104     100
     156       3     105     103      95
     157       3     106      96     102
     158       3      96     106     107
     159       3      96     107      97
     160       3     108      97     107
     161       3     108      98      97
     162       3     108     109      98
     163       3      98     109     110
     164       3      98     110      99
     165       3     101     100     104
     166       3     106     102     101
     167       3     106     111     107
     168       3     112     107     111
     169       3     107     112     113
     170       3     108     107     113
     171       3     113     114     108
     172       3     109     108     114
     173       3     115     109     114
     174       3     115     110     109
     175       3     110     115     116
     176       3     112     111     117
     177       3     118     112     117
     178       3     112     118     119
     179       3     112     119     113
     180       3     119     120     113
     181       3     114     113     120
     182       3     121     114     120
     183       3     121     115     114
     184       3     115     121     122
     185       3     116     115     122
     186       3     122     123     116
     187       3     124     121     125
     188       3     124     122     121
     189       3     124     123     122
     190       3     124     126     123
     191       3     127     123     126
     192       3     128     124     125
     193       3     124     128     126
     194       3     127     126     129
 0                    ! Number of open boundaries                               
 0                   ! Total number of open boundary nodes                      
 1 = Number of land boundaries                                                  
 38 = Total number of land boundary nodes                                       
      38       0  = Number of nodes for land boundary 1                         
       2
       3
       6
      13
      23
      32
      41
      51
      60
      65
      68
      69
      72
      78
      85
      95
     105
     103
     104
     101
     106
     111
     117
     118
     119
     120
     121
     125
     128
     126
     129
     127
     123
     116
     110
      99
      88
      89
