RES NODE           3          97
                   2           3           4           5           6           7
                   8           9          10          11          12          13
                  16          17          18          19          20          21
                  22          23          24          25          26          29
                  30          31          32          33          34          35
                  36          37          38          41          42          43
                  44          45          46          47          48          49
                  50          51          52          53          56          57
                  58          59          60          61          62          63
                  64          65          66          67          68          71
                  72          73          74          75          76          77
                  78          79          80          81          82          83
                  84          89          90          91          92          93
                  94          95          96          97          98          99
                 100         103         104         105         106         107
                 108         109         110         111         112         116
                 117
COMM PE            4
RECV PE            0           8
                  14          27          39          54          69          85
                  86         101
RECV PE            1           2
                 113         114
RECV PE            2           9
                 102         115         118         119         120         121
                 122         123         124
RECV PE           29           8
                   1          15          28          40          55          70
                  87          88
SEND PE            0           8
                  13          26          38          52          53          68
                  84         100
SEND PE            1           2
                 100         112
SEND PE            2           9
                  89         103         108         109         110         111
                 112         116         117
SEND PE           29           7
                   2          16          29          41          56          71
                  89
