 Shinacock Inlet Coarse Grid                                                    
     207     124
       1     -0.724242743815E+02      0.403885857929E+02      0.529393390000E+02
       2     -0.724438828325E+02      0.403871719023E+02      0.529393390000E+02
       3     -0.724633680739E+02      0.403846270726E+02      0.529393390000E+02
       4     -0.724830356451E+02      0.403844650149E+02      0.529393390000E+02
       5     -0.725027034706E+02      0.403845490461E+02      0.529393390000E+02
       6     -0.725223285010E+02      0.403857263226E+02      0.529393390000E+02
       7     -0.725418399760E+02      0.403882041062E+02      0.529393390000E+02
       8     -0.725613889486E+02      0.403903742323E+02      0.529393390000E+02
       9     -0.725807659304E+02      0.403936131677E+02      0.529393390000E+02
      10     -0.725998058983E+02      0.403985309846E+02      0.483186721802E+02
      11     -0.726189166534E+02      0.404031691314E+02      0.480896797180E+02
      12     -0.726375908484E+02      0.404093120901E+02      0.476410942078E+02
      13     -0.726556641338E+02      0.404170658935E+02      0.470376586914E+02
      14     -0.726737540478E+02      0.404247592382E+02      0.464361267090E+02
      15     -0.724160123665E+02      0.404068007255E+02      0.529393390000E+02
      16     -0.724395717490E+02      0.404042086859E+02      0.529393390000E+02
      17     -0.724639547911E+02      0.404001042371E+02      0.529393390000E+02
      18     -0.724898286460E+02      0.404007221509E+02      0.529393390000E+02
      19     -0.725131009808E+02      0.404027637942E+02      0.529393390000E+02
      20     -0.725387353541E+02      0.404035721037E+02      0.482930870056E+02
      21     -0.725632296267E+02      0.404068199331E+02      0.480166587830E+02
      22     -0.725841366844E+02      0.404082331371E+02      0.479240188599E+02
      23     -0.726006068612E+02      0.404186471541E+02      0.474499473572E+02
      24     -0.726220946022E+02      0.404238111962E+02      0.471512947083E+02
      25     -0.726409623224E+02      0.404289027948E+02      0.468107070923E+02
      26     -0.726594229997E+02      0.404327233603E+02      0.464013710022E+02
      27     -0.726744009166E+02      0.404454200534E+02      0.456732254028E+02
      28     -0.724300115526E+02      0.404203113189E+02      0.509799728394E+02
      29     -0.724547881619E+02      0.404197198828E+02      0.500695610046E+02
      30     -0.724763166106E+02      0.404136692446E+02      0.495956001282E+02
      31     -0.724978983483E+02      0.404185292857E+02      0.488067665100E+02
      32     -0.725240913280E+02      0.404197300186E+02      0.480397911072E+02
      33     -0.725503436635E+02      0.404217509715E+02      0.474709320068E+02
      34     -0.725752647935E+02      0.404214994569E+02      0.473653602600E+02
      35     -0.725881424402E+02      0.404351025657E+02      0.467592010498E+02
      36     -0.726086381710E+02      0.404379068290E+02      0.465971374512E+02
      37     -0.726289180576E+02      0.404452668000E+02      0.461461982727E+02
      38     -0.726505008380E+02      0.404451040224E+02      0.460257987976E+02
      39     -0.726608267364E+02      0.404577577930E+02      0.453957366943E+02
      40     -0.724414371351E+02      0.404350163276E+02      0.500609703064E+02
      41     -0.724595889964E+02      0.404395670436E+02      0.492354354858E+02
      42     -0.724759355811E+02      0.404292932447E+02      0.489966697693E+02
      43     -0.724920484977E+02      0.404374296428E+02      0.482011528015E+02
      44     -0.725083258656E+02      0.404322800029E+02      0.479634819031E+02
      45     -0.725214403699E+02      0.404394809988E+02      0.473119735718E+02
      46     -0.725361120733E+02      0.404336706805E+02      0.472548484802E+02
      47     -0.725500882679E+02      0.404407640852E+02      0.468137245178E+02
      48     -0.725671155616E+02      0.404361580057E+02      0.467455596924E+02
      49     -0.725778236223E+02      0.404504242427E+02      0.461140975952E+02
      50     -0.725956725815E+02      0.404511399544E+02      0.460561714172E+02
      51     -0.726124273430E+02      0.404571678630E+02      0.457086715698E+02
      52     -0.726269164250E+02      0.404666304503E+02      0.451974601746E+02
      53     -0.726432754967E+02      0.404606545881E+02      0.453693504333E+02
      54     -0.726577718056E+02      0.404731547278E+02      0.446824035645E+02
      55     -0.724464161270E+02      0.404522253189E+02      0.493005256653E+02
      56     -0.724610981781E+02      0.404585964365E+02      0.485534286499E+02
      57     -0.724759610091E+02      0.404481743325E+02      0.483720397949E+02
      58     -0.724912038102E+02      0.404529153883E+02      0.476763000488E+02
      59     -0.725059177821E+02      0.404499089497E+02      0.473150100708E+02
      60     -0.725196000565E+02      0.404549645173E+02      0.467447319031E+02
      61     -0.725342699222E+02      0.404509680467E+02      0.466793594360E+02
      62     -0.725478691633E+02      0.404558758371E+02      0.463194389343E+02
      63     -0.725619114957E+02      0.404531188162E+02      0.462197303772E+02
      64     -0.725696225939E+02      0.404681911402E+02      0.455885467529E+02
      65     -0.725846337325E+02      0.404635924294E+02      0.455393524170E+02
      66     -0.725981287143E+02      0.404680509469E+02      0.453039436340E+02
      67     -0.726114831575E+02      0.404773716368E+02      0.447779846191E+02
      68     -0.726254465884E+02      0.404854272147E+02      0.442927207947E+02
      69     -0.726408773965E+02      0.404781792438E+02      0.445467376709E+02
      70     -0.724501250432E+02      0.404699685651E+02      0.485699539185E+02
      71     -0.724638653757E+02      0.404796382986E+02      0.477435417175E+02
      72     -0.724720117233E+02      0.404653601413E+02      0.479439926147E+02
      73     -0.724840846365E+02      0.404647823774E+02      0.475360755920E+02
      74     -0.724979679137E+02      0.404665424388E+02      0.469868965149E+02
      75     -0.725113680179E+02      0.404681019245E+02      0.464486656189E+02
      76     -0.725254111251E+02      0.404676143959E+02      0.462220191956E+02
      77     -0.725393543567E+02      0.404672731002E+02      0.460419082642E+02
      78     -0.725539202237E+02      0.404686201710E+02      0.457922782898E+02
      79     -0.725569844790E+02      0.404831686683E+02      0.450730552673E+02
      80     -0.725693038604E+02      0.404836243861E+02      0.448943443298E+02
      81     -0.725829833069E+02      0.404793085703E+02      0.449274902344E+02
      82     -0.725958986695E+02      0.404827734282E+02      0.446584472656E+02
      83     -0.726010563384E+02      0.404929259815E+02      0.441720352173E+02
      84     -0.726122491575E+02      0.404964403390E+02      0.438828239441E+02
      85     -0.726240596549E+02      0.405030150681E+02      0.434590225220E+02
      86     -0.726379535433E+02      0.404948563581E+02      0.437497444153E+02
      87     -0.724503054351E+02      0.404868990641E+02      0.479152297974E+02
      88     -0.724625994196E+02      0.404981597362E+02      0.469236450195E+02
      89     -0.724775584886E+02      0.404938929567E+02      0.465794830322E+02
      90     -0.724771199020E+02      0.404779379792E+02      0.473139266968E+02
      91     -0.724890180863E+02      0.404800844638E+02      0.467630577087E+02
      92     -0.725030366061E+02      0.404824135028E+02      0.461230163574E+02
      93     -0.725174995109E+02      0.404845501064E+02      0.455988006592E+02
      94     -0.725311697435E+02      0.404794457160E+02      0.455804748535E+02
      95     -0.725436406141E+02      0.404821931500E+02      0.452897682190E+02
      96     -0.725459722048E+02      0.404982958128E+02      0.444867057800E+02
      97     -0.725615817262E+02      0.404969681433E+02      0.443517684937E+02
      98     -0.725748639707E+02      0.404937319565E+02      0.443600578308E+02
      99     -0.725867743185E+02      0.404972999995E+02      0.441310462952E+02
     100     -0.725979621620E+02      0.405085252540E+02      0.435662155151E+02
     101     -0.726117842584E+02      0.405129705370E+02      0.432047004700E+02
     102     -0.724745436465E+02      0.405121129912E+02      0.458162384033E+02
     103     -0.724892469497E+02      0.405073392878E+02      0.455283241272E+02
     104     -0.724927130116E+02      0.404933287049E+02      0.460262107849E+02
     105     -0.725054054960E+02      0.404996104225E+02      0.453133773804E+02
     106     -0.725198808904E+02      0.404998158071E+02      0.449188919067E+02
     107     -0.725318483282E+02      0.404931614869E+02      0.449130935669E+02
     108     -0.725309341556E+02      0.405094718798E+02      0.442341232300E+02
     109     -0.725430843274E+02      0.405138251258E+02      0.437776222229E+02
     110     -0.725557879855E+02      0.405100831428E+02      0.438007469177E+02
     111     -0.725715248359E+02      0.405084027694E+02      0.437665443420E+02
     112     -0.725837808803E+02      0.405128382966E+02      0.434988212585E+02
     113     -0.725887771794E+02      0.405249194387E+02      0.429585227966E+02
     114     -0.726009858720E+02      0.405229315482E+02      0.429311752319E+02
     115     -0.724870202405E+02      0.405245765622E+02      0.447897911072E+02
     116     -0.725007905439E+02      0.405163886824E+02      0.447434501648E+02
     117     -0.725147397119E+02      0.405125424796E+02      0.445421981812E+02
     118     -0.725229861772E+02      0.405225181120E+02      0.438900794983E+02
     119     -0.725351608535E+02      0.405268809707E+02      0.433757133484E+02
     120     -0.725496020726E+02      0.405248767458E+02      0.432276535034E+02
     121     -0.725624314406E+02      0.405204697038E+02      0.433206100464E+02
     122     -0.725740692374E+02      0.405255150697E+02      0.430314064026E+02
     123     -0.724993540221E+02      0.405310324293E+02      0.441135101318E+02
     124     -0.725108157103E+02      0.405275582543E+02      0.439695243835E+02
       1       3      16       1      15
       2       3      16       2       1
       3       3      17       2      16
       4       3      17       3       2
       5       3      17       4       3
       6       3      17      18       4
       7       3      18       5       4
       8       3      19       5      18
       9       3      19       6       5
      10       3      20       6      19
      11       3      20       7       6
      12       3       7      20       8
      13       3      21       8      20
      14       3      21       9       8
      15       3      21      22       9
      16       3      22      10       9
      17       3      22      23      10
      18       3      23      11      10
      19       3      23      24      11
      20       3      11      24      12
      21       3      24      25      12
      22       3      25      13      12
      23       3      26      13      25
      24       3      26      14      13
      25       3      27      14      26
      26       3      16      15      28
      27       3      16      28      29
      28       3      17      16      29
      29       3      17      29      30
      30       3      18      17      30
      31       3      18      30      31
      32       3      19      18      31
      33       3      19      31      32
      34       3      20      19      32
      35       3      20      32      33
      36       3      21      20      33
      37       3      21      33      34
      38       3      22      21      34
      39       3      22      34      23
      40       3      23      34      35
      41       3      23      35      36
      42       3      24      23      36
      43       3      24      36      37
      44       3      25      24      37
      45       3      25      37      38
      46       3      26      25      38
      47       3      26      38      27
      48       3      27      38      39
      49       3      40      29      28
      50       3      29      40      41
      51       3      41      42      29
      52       3      42      30      29
      53       3      42      31      30
      54       3      42      43      31
      55       3      31      43      44
      56       3      31      44      32
      57       3      32      44      45
      58       3      45      46      32
      59       3      46      33      32
      60       3      47      33      46
      61       3      33      47      48
      62       3      48      34      33
      63       3      34      48      35
      64       3      35      48      49
      65       3      50      35      49
      66       3      35      50      36
      67       3      51      36      50
      68       3      37      36      51
      69       3      52      37      51
      70       3      37      52      53
      71       3      38      37      53
      72       3      39      38      53
      73       3      39      53      54
      74       3      55      41      40
      75       3      41      55      56
      76       3      57      41      56
      77       3      42      41      57
      78       3      43      42      57
      79       3      43      57      58
      80       3      43      58      59
      81       3      44      43      59
      82       3      45      44      59
      83       3      45      59      60
      84       3      45      60      61
      85       3      46      45      61
      86       3      47      46      61
      87       3      47      61      62
      88       3      47      62      63
      89       3      48      47      63
      90       3      48      63      49
      91       3      49      63      64
      92       3      64      65      49
      93       3      65      50      49
      94       3      66      50      65
      95       3      50      66      51
      96       3      51      66      67
      97       3      67      52      51
      98       3      52      67      68
      99       3      69      52      68
     100       3      53      52      69
     101       3      53      69      54
     102       3      55      70      56
     103       3      56      70      71
     104       3      72      56      71
     105       3      56      72      57
     106       3      57      72      73
     107       3      58      57      73
     108       3      58      73      74
     109       3      59      58      74
     110       3      59      74      75
     111       3      60      59      75
     112       3      75      76      60
     113       3      76      61      60
     114       3      61      76      77
     115       3      62      61      77
     116       3      62      77      78
     117       3      63      62      78
     118       3      63      78      64
     119       3      64      78      79
     120       3      64      79      80
     121       3      64      80      81
     122       3      65      64      81
     123       3      66      65      81
     124       3      66      81      82
     125       3      66      82      67
     126       3      67      82      83
     127       3      67      83      84
     128       3      67      84      68
     129       3      68      84      85
     130       3      86      68      85
     131       3      69      68      86
     132       3      70      87      71
     133       3      71      87      88
     134       3      71      88      89
     135       3      90      71      89
     136       3      72      71      90
     137       3      73      72      90
     138       3      73      90      91
     139       3      74      73      91
     140       3      74      91      92
     141       3      75      74      92
     142       3      75      92      93
     143       3      76      75      93
     144       3      76      93      94
     145       3      77      76      94
     146       3      77      94      95
     147       3      78      77      95
     148       3      78      95      79
     149       3      79      95      96
     150       3      79      96      97
     151       3      97      80      79
     152       3      97      98      80
     153       3      81      80      98
     154       3      81      98      99
     155       3      82      81      99
     156       3      82      99      83
     157       3      83      99     100
     158       3     100      84      83
     159       3     100     101      84
     160       3      84     101      85
     161       3      89      88     102
     162       3      89     102     103
     163       3     104      89     103
     164       3      91      89     104
     165       3      91      90      89
     166       3      92      91     104
     167       3      92     104     105
     168       3      93      92     105
     169       3      93     105     106
     170       3     106     107      93
     171       3     107      94      93
     172       3     107      95      94
     173       3     107      96      95
     174       3      96     107     108
     175       3      96     108     109
     176       3      96     109     110
     177       3      97      96     110
     178       3      97     110     111
     179       3      98      97     111
     180       3     111      99      98
     181       3     111     112      99
     182       3      99     112     100
     183       3     100     112     113
     184       3     100     113     114
     185       3     101     100     114
     186       3     103     102     115
     187       3     116     103     115
     188       3     105     103     116
     189       3     105     104     103
     190       3     105     116     117
     191       3     106     105     117
     192       3     117     108     106
     193       3     108     107     106
     194       3     108     117     118
     195       3     108     118     119
     196       3     109     108     119
     197       3     109     119     120
     198       3     110     109     120
     199       3     110     120     121
     200       3     111     110     121
     201       3     111     121     122
     202       3     112     111     122
     203       3     112     122     113
     204       3     123     116     115
     205       3     116     123     124
     206       3     117     116     124
     207       3     117     124     118
 1                    ! Number of open boundaries                               
 14                   ! Total number of open boundary nodes                     
 14                   ! Number of nodes for open boundary 1                     
          14
          13
          12
          11
          10
           9
           8
           7
           6
           5
           4
           3
           2
           1
 0 = Number of land boundaries                                                  
 0 = Total number of land boundary nodes                                        
