RES NODE          20         100
                   5           7           8           9          16          17
                  18          19          20          21          23          24
                  25          26          28          29          30          31
                  32          33          34          35          37          38
                  39          40          41          42          43          44
                  45          46          47          48          50          51
                  52          53          54          55          56          57
                  58          59          60          61          62          64
                  65          66          67          68          69          70
                  71          72          73          74          75          76
                  77          78          79          80          81          82
                  83          84          85          86          87          88
                  89          90          91          92          93          94
                  95          96          97          98          99         100
                 101         102         103         104         105         106
                 107         108         109         110         111         112
                 113         114         115         116
COMM PE            3
RECV PE           21           6
                 117         118         119         120         121         122
RECV PE           22           5
                  11          22          36          49          63
RECV PE           23          11
                   1           2           3           4           6          10
                  12          13          14          15          27
SEND PE           21           6
                 108         109         110         114         115         116
SEND PE           22           6
                  23          37          38          50          64          79
SEND PE           23          11
                   5           7           8           9          16          18
                  23          24          25          26          28
