 Shinacock Inlet Coarse Grid                                                    
     190     122
       1     -0.724843700663E+02      0.408491297804E+02     -0.256172269600E+00
       2     -0.724847620265E+02      0.408453980224E+02      0.235633111000E+01
       3     -0.724843468591E+02      0.408434214503E+02      0.491206693650E+01
       4     -0.724857124484E+02      0.408509599689E+02      0.111062264440E+01
       5     -0.724866820508E+02      0.408495110175E+02      0.113083159920E+01
       6     -0.724855428411E+02      0.408475218690E+02      0.128185188770E+01
       7     -0.724863593012E+02      0.408460152231E+02      0.110388457780E+01
       8     -0.724860522172E+02      0.408440756190E+02      0.175283026700E+01
       9     -0.724851760000E+02      0.408417069998E+02      0.342795562740E+01
      10     -0.724833508492E+02      0.408416938926E+02      0.195337462430E+01
      11     -0.724733808958E+02      0.408638121544E+02      0.280584836010E+01
      12     -0.724773521938E+02      0.408613721827E+02      0.293182730670E+01
      13     -0.724811619047E+02      0.408591994970E+02      0.282551693920E+01
      14     -0.724825887089E+02      0.408567071838E+02      0.277020931240E+01
      15     -0.724855731565E+02      0.408529540867E+02      0.198259544370E+01
      16     -0.724876298939E+02      0.408520152340E+02      0.201805162430E+01
      17     -0.724888340902E+02      0.408497254328E+02      0.118613123890E+01
      18     -0.724875689415E+02      0.408476944158E+02      0.165138077740E+01
      19     -0.724879344066E+02      0.408455820378E+02      0.910747587700E+00
      20     -0.724876521429E+02      0.408433885397E+02      0.513231754300E+01
      21     -0.724873465000E+02      0.408412854997E+02      0.395631164300E+00
      22     -0.724739630298E+02      0.408677380261E+02      0.278210949900E+01
      23     -0.724784640358E+02      0.408648264667E+02      0.272775506970E+01
      24     -0.724814302263E+02      0.408621350039E+02      0.282112169270E+01
      25     -0.724851891645E+02      0.408604152956E+02      0.275703215600E+01
      26     -0.724849865325E+02      0.408575745777E+02      0.290464758870E+01
      27     -0.724844477231E+02      0.408551045752E+02      0.263192677500E+01
      28     -0.724868255357E+02      0.408550490028E+02      0.267104101180E+01
      29     -0.724890271418E+02      0.408541966799E+02      0.272871637340E+01
      30     -0.724901002769E+02      0.408518144387E+02      0.202970218660E+01
      31     -0.724911205981E+02      0.408493362701E+02      0.109103119370E+01
      32     -0.724895475377E+02      0.408473753477E+02      0.734660387000E+00
      33     -0.724898232247E+02      0.408451490676E+02      0.701938509900E+00
      34     -0.724896704315E+02      0.408429906708E+02      0.677402305600E+01
      35     -0.724895170000E+02      0.408408639997E+02      0.449504792700E+00
      36     -0.724691404337E+02      0.408712080429E+02      0.275374865530E+01
      37     -0.724759506076E+02      0.408714680769E+02      0.276553225520E+01
      38     -0.724804022802E+02      0.408680960513E+02      0.271038460730E+01
      39     -0.724846265517E+02      0.408644502900E+02      0.277731132510E+01
      40     -0.724892442250E+02      0.408607695183E+02      0.261035680770E+01
      41     -0.724887499690E+02      0.408573753536E+02      0.266769719120E+01
      42     -0.724916166669E+02      0.408542643830E+02      0.260199666020E+01
      43     -0.724924488636E+02      0.408513914743E+02      0.176749432090E+01
      44     -0.724937908626E+02      0.408490458266E+02      0.112402153020E+01
      45     -0.724918490470E+02      0.408470081082E+02     -0.234219074250E+01
      46     -0.724920266895E+02      0.408446856013E+02      0.166920506950E+01
      47     -0.724917555217E+02      0.408426241589E+02      0.443106555940E+01
      48     -0.724919103855E+02      0.408409251520E+02      0.372485905900E+00
      49     -0.724667399762E+02      0.408767746762E+02      0.268299269680E+01
      50     -0.724728133700E+02      0.408752706027E+02      0.291550254820E+01
      51     -0.724786045199E+02      0.408751953588E+02      0.277536320690E+01
      52     -0.724821303301E+02      0.408718066144E+02      0.277711224560E+01
      53     -0.724866760344E+02      0.408683302993E+02      0.275002717970E+01
      54     -0.724901657991E+02      0.408642215707E+02      0.267369866370E+01
      55     -0.724937245677E+02      0.408606008954E+02      0.240210103990E+01
      56     -0.724931041984E+02      0.408568266495E+02      0.261765170100E+01
      57     -0.724950685861E+02      0.408521012057E+02      0.246047186850E+01
      58     -0.724965892019E+02      0.408478895535E+02      0.405843544010E+01
      59     -0.724942734740E+02      0.408462701847E+02      0.177127766610E+01
      60     -0.724943016822E+02      0.408437072207E+02      0.652330589290E+01
      61     -0.724937133525E+02      0.408420752830E+02      0.694687008900E+00
      62     -0.724938870020E+02      0.408410414236E+02      0.607074081900E+00
      63     -0.724675540000E+02      0.408823010000E+02      0.100999999050E+01
      64     -0.724717577136E+02      0.408794357708E+02      0.252576565740E+01
      65     -0.724767746211E+02      0.408790968716E+02      0.251035594940E+01
      66     -0.724811878766E+02      0.408789635920E+02      0.247469973560E+01
      67     -0.724838776260E+02      0.408759170840E+02      0.284116673470E+01
      68     -0.724873433164E+02      0.408729034012E+02      0.262474441530E+01
      69     -0.724909310000E+02      0.408706480000E+02      0.133250641820E+01
      70     -0.724928770000E+02      0.408667860000E+02      0.104896199700E+01
      71     -0.724957620000E+02      0.408634210000E+02      0.897360026800E+00
      72     -0.724986140000E+02      0.408600280000E+02      0.980137944200E+00
      73     -0.724966809153E+02      0.408575299223E+02      0.219585132600E+01
      74     -0.724973469029E+02      0.408540701978E+02      0.278197574620E+01
      75     -0.724987745578E+02      0.408495193710E+02      0.181727552410E+01
      76     -0.724996908273E+02      0.408447709941E+02      0.355343198780E+01
      77     -0.724965372552E+02      0.408446948441E+02      0.484141588210E+01
      78     -0.724962124332E+02      0.408412158309E+02      0.581660449500E+00
      79     -0.724719690000E+02      0.408827050000E+02      0.100999999050E+01
      80     -0.724763860000E+02      0.408830760000E+02      0.100999999050E+01
      81     -0.724808020000E+02      0.408834700000E+02      0.101026451590E+01
      82     -0.724856837621E+02      0.408803999582E+02      0.263543343540E+01
      83     -0.724885693608E+02      0.408768975929E+02      0.270636701580E+01
      84     -0.724927470000E+02      0.408745210000E+02      0.152371895310E+01
      85     -0.725007140000E+02      0.408561420000E+02      0.129539287090E+01
      86     -0.725004341809E+02      0.408519478465E+02      0.160211420060E+01
      87     -0.725027047902E+02      0.408476777997E+02     -0.417687684300E+00
      88     -0.725035610232E+02      0.408418023716E+02      0.192676281930E+01
      89     -0.724998756141E+02      0.408407889504E+02      0.278412890430E+01
      90     -0.724971025907E+02      0.408387171434E+02      0.115298783780E+01
      91     -0.724852030000E+02      0.408839990000E+02      0.108500003810E+01
      92     -0.724896300000E+02      0.408839880000E+02      0.142994368080E+01
      93     -0.724908783279E+02      0.408804781861E+02      0.277281618120E+01
      94     -0.724929313176E+02      0.408773937445E+02      0.212120056150E+01
      95     -0.724970700000E+02      0.408753610000E+02      0.227643799780E+01
      96     -0.725029360000E+02      0.408523450000E+02      0.121588337420E+01
      97     -0.725067480000E+02      0.408504490000E+02      0.109525799750E+01
      98     -0.725058055012E+02      0.408455117790E+02      0.220856213570E+01
      99     -0.725080839333E+02      0.408416095055E+02      0.176552557950E+01
     100     -0.725062920779E+02      0.408370352380E+02      0.193365025520E+01
     101     -0.725013120000E+02      0.408369640000E+02      0.108268904690E+01
     102     -0.724940560000E+02      0.408838720000E+02      0.905162572900E+00
     103     -0.724955292698E+02      0.408795000745E+02      0.252500987050E+01
     104     -0.725003040000E+02      0.408781330000E+02      0.175374019150E+01
     105     -0.725110096648E+02      0.408484264774E+02      0.249776840210E+01
     106     -0.725105630000E+02      0.408526520000E+02      0.108500003810E+01
     107     -0.725088607156E+02      0.408458664669E+02      0.186682319640E+01
     108     -0.725123646038E+02      0.408433882679E+02      0.309533810620E+01
     109     -0.725116732771E+02      0.408386922063E+02      0.227999997140E+01
     110     -0.725101374702E+02      0.408349377513E+02      0.108500003810E+01
     111     -0.724979632590E+02      0.408815750312E+02      0.192472934720E+01
     112     -0.724984270000E+02      0.408845970000E+02      0.168801307680E+01
     113     -0.725016640000E+02      0.408823060000E+02      0.254908275600E+01
     114     -0.725144053202E+02      0.408505605198E+02      0.131896686550E+01
     115     -0.725142498052E+02      0.408468577164E+02      0.239131402970E+01
     116     -0.725147070000E+02      0.408539990000E+02      0.108500003810E+01
     117     -0.725168763031E+02      0.408443773083E+02      0.319287753110E+01
     118     -0.725163618702E+02      0.408407391046E+02      0.227999997140E+01
     119     -0.725161345091E+02      0.408375396738E+02      0.227999997140E+01
     120     -0.725140702577E+02      0.408342385891E+02      0.182477736470E+01
     121     -0.725186870000E+02      0.408522480000E+02      0.109165406230E+01
     122     -0.725173596977E+02      0.408482600851E+02      0.217657089230E+01
       1       3       4       5       1
       2       3       1       5       6
       3       3       6       7       2
       4       3       7       8       2
       5       3       8       3       2
       6       3       9       3       8
       7       3      10       3       9
       8       3      16       4      15
       9       3       5       4      16
      10       3      17       5      16
      11       3      17      18       5
      12       3       5      18       6
      13       3       7       6      18
      14       3       7      18      19
      15       3       7      19       8
      16       3      20       8      19
      17       3       9       8      20
      18       3       9      20      21
      19       3      11      22      23
      20       3      23      12      11
      21       3      23      24      12
      22       3      13      12      24
      23       3      13      24      25
      24       3      26      13      25
      25       3      14      13      26
      26       3      14      26      27
      27       3      28      15      27
      28       3      28      16      15
      29       3      28      29      16
      30       3      16      29      30
      31       3      17      16      30
      32       3      17      30      31
      33       3      17      31      32
      34       3      17      32      18
      35       3      32      19      18
      36       3      33      19      32
      37       3      33      20      19
      38       3      33      34      20
      39       3      20      34      21
      40       3      35      21      34
      41       3      22      36      37
      42       3      22      37      38
      43       3      23      22      38
      44       3      24      23      38
      45       3      38      39      24
      46       3      39      25      24
      47       3      40      25      39
      48       3      41      25      40
      49       3      41      26      25
      50       3      41      28      26
      51       3      28      27      26
      52       3      28      41      29
      53       3      42      29      41
      54       3      42      30      29
      55       3      42      43      30
      56       3      31      30      43
      57       3      44      31      43
      58       3      44      45      31
      59       3      32      31      45
      60       3      33      32      45
      61       3      33      45      46
      62       3      33      46      34
      63       3      47      34      46
      64       3      35      34      47
      65       3      35      47      48
      66       3      36      49      50
      67       3      37      36      50
      68       3      37      50      51
      69       3      51      52      37
      70       3      38      37      52
      71       3      38      52      53
      72       3      39      38      53
      73       3      54      39      53
      74       3      54      40      39
      75       3      55      40      54
      76       3      56      40      55
      77       3      56      41      40
      78       3      41      56      42
      79       3      42      56      57
      80       3      42      57      43
      81       3      44      43      57
      82       3      57      58      44
      83       3      58      59      44
      84       3      44      59      45
      85       3      46      45      59
      86       3      60      46      59
      87       3      60      47      46
      88       3      60      61      47
      89       3      48      47      61
      90       3      62      48      61
      91       3      63      64      49
      92       3      50      49      64
      93       3      64      65      50
      94       3      50      65      51
      95       3      65      66      51
      96       3      67      51      66
      97       3      51      67      52
      98       3      68      52      67
      99       3      53      52      68
     100       3      69      53      68
     101       3      70      53      69
     102       3      53      70      54
     103       3      70      71      54
     104       3      71      55      54
     105       3      72      55      71
     106       3      72      73      55
     107       3      55      73      56
     108       3      73      74      56
     109       3      56      74      57
     110       3      57      74      75
     111       3      57      75      58
     112       3      75      76      58
     113       3      58      76      77
     114       3      58      77      59
     115       3      60      59      77
     116       3      77      78      60
     117       3      60      78      61
     118       3      62      61      78
     119       3      64      63      79
     120       3      79      80      64
     121       3      64      80      65
     122       3      80      81      65
     123       3      81      66      65
     124       3      81      82      66
     125       3      67      66      82
     126       3      83      67      82
     127       3      83      68      67
     128       3      68      83      84
     129       3      68      84      69
     130       3      85      73      72
     131       3      74      73      85
     132       3      86      74      85
     133       3      75      74      86
     134       3      87      75      86
     135       3      75      87      76
     136       3      76      87      88
     137       3      89      76      88
     138       3      89      78      76
     139       3      78      77      76
     140       3      78      89      90
     141       3      91      82      81
     142       3      82      91      92
     143       3      92      93      82
     144       3      83      82      93
     145       3      83      93      94
     146       3      84      83      94
     147       3      94      95      84
     148       3      96      86      85
     149       3      87      86      96
     150       3      97      87      96
     151       3      87      97      98
     152       3      87      98      88
     153       3      88      98      99
     154       3      88      99     100
     155       3     100     101      88
     156       3      89      88     101
     157       3      90      89     101
     158       3      93      92     102
     159       3     103      93     102
     160       3     103      94      93
     161       3      95      94     103
     162       3     104      95     103
     163       3     105      97     106
     164       3     105     107      97
     165       3      97     107      98
     166       3      99      98     107
     167       3     108      99     107
     168       3      99     108     109
     169       3      99     109     100
     170       3     109     110     100
     171       3     111     102     112
     172       3     111     103     102
     173       3     103     111     104
     174       3     113     104     111
     175       3     106     114     105
     176       3     115     105     114
     177       3     115     108     105
     178       3     108     107     105
     179       3     114     106     116
     180       3     115     117     108
     181       3     118     108     117
     182       3     109     108     118
     183       3     119     109     118
     184       3     109     119     120
     185       3     120     110     109
     186       3     113     111     112
     187       3     121     114     116
     188       3     121     122     114
     189       3     122     115     114
     190       3     122     117     115
 0                    ! Number of open boundaries                               
 0                   ! Total number of open boundary nodes                      
 1 = Number of land boundaries                                                  
 34 = Total number of land boundary nodes                                       
      34       0  = Number of nodes for land boundary 1                         
      63
      79
      80
      81
      91
      92
     102
     112
     113
     104
      95
      84
      69
      70
      71
      72
      85
      96
      97
     106
     116
     121
     120
     110
     100
     101
      90
      78
      62
      48
      35
      21
       9
      10
