 Shinacock Inlet Coarse Grid                                                    
     222     132
       1     -0.722750035699E+02      0.405445996958E+02      0.530507926941E+02
       2     -0.722767018124E+02      0.405310808643E+02      0.536603393555E+02
       3     -0.722889507545E+02      0.405228752756E+02      0.535689773560E+02
       4     -0.723010818126E+02      0.405133935001E+02      0.535357894897E+02
       5     -0.723159844087E+02      0.405041477482E+02      0.533934516907E+02
       6     -0.723315915113E+02      0.405043707766E+02      0.527132225037E+02
       7     -0.723432360121E+02      0.404952774286E+02      0.523801689148E+02
       8     -0.723573614177E+02      0.405052158920E+02      0.512449340820E+02
       9     -0.722782417127E+02      0.405622896915E+02      0.519039802551E+02
      10     -0.722882524098E+02      0.405515992263E+02      0.521804656982E+02
      11     -0.722907231945E+02      0.405389101238E+02      0.527431488037E+02
      12     -0.723049086235E+02      0.405328935581E+02      0.524978446960E+02
      13     -0.723137158731E+02      0.405197434099E+02      0.528152427673E+02
      14     -0.723280862526E+02      0.405184740614E+02      0.523272094727E+02
      15     -0.723438060332E+02      0.405121628588E+02      0.518025436401E+02
      16     -0.723560840028E+02      0.405242887513E+02      0.503995018005E+02
      17     -0.723712613193E+02      0.405191609546E+02      0.499260978699E+02
      18     -0.722926765500E+02      0.405764444528E+02      0.505741004944E+02
      19     -0.722932427801E+02      0.405620700994E+02      0.513946685791E+02
      20     -0.723043594560E+02      0.405510087510E+02      0.516104316711E+02
      21     -0.723196568863E+02      0.405471221933E+02      0.512154083252E+02
      22     -0.723193411905E+02      0.405314655791E+02      0.520128631592E+02
      23     -0.723310639077E+02      0.405348098615E+02      0.512617378235E+02
      24     -0.723410595948E+02      0.405254080731E+02      0.511363182068E+02
      25     -0.723448827889E+02      0.405377884573E+02      0.501432991028E+02
      26     -0.723559977454E+02      0.405401841225E+02      0.493268280029E+02
      27     -0.723690538006E+02      0.405368763225E+02      0.488448104858E+02
      28     -0.723834472001E+02      0.405317499548E+02      0.484137115479E+02
      29     -0.723992770432E+02      0.405265261914E+02      0.479663429260E+02
      30     -0.724132310398E+02      0.405285109626E+02      0.473515090942E+02
      31     -0.724263732717E+02      0.405242028352E+02      0.470468635559E+02
      32     -0.723052252056E+02      0.405887882067E+02      0.493072547913E+02
      33     -0.723082414191E+02      0.405761984622E+02      0.500364913940E+02
      34     -0.723040630785E+02      0.405658542631E+02      0.507968330383E+02
      35     -0.723186394041E+02      0.405650419339E+02      0.503154792786E+02
      36     -0.723325094518E+02      0.405602790660E+02      0.496737899780E+02
      37     -0.723349335228E+02      0.405472888133E+02      0.502676773071E+02
      38     -0.723476050188E+02      0.405534830707E+02      0.490396270752E+02
      39     -0.723611173921E+02      0.405507219145E+02      0.483356819153E+02
      40     -0.723723529990E+02      0.405549329704E+02      0.474425277710E+02
      41     -0.723811686139E+02      0.405456510474E+02      0.475947875977E+02
      42     -0.723937693279E+02      0.405433657419E+02      0.472714920044E+02
      43     -0.724069602886E+02      0.405410407273E+02      0.469605445862E+02
      44     -0.724215227803E+02      0.405401738165E+02      0.464507675171E+02
      45     -0.724348632522E+02      0.405399871317E+02      0.459384994507E+02
      46     -0.724398712357E+02      0.405275161060E+02      0.463543853760E+02
      47     -0.723170713222E+02      0.405953201961E+02      0.482913703918E+02
      48     -0.723199170781E+02      0.405819654606E+02      0.490817337036E+02
      49     -0.723342255646E+02      0.405772144276E+02      0.485601081848E+02
      50     -0.723449625873E+02      0.405673652503E+02      0.484072723389E+02
      51     -0.723593317934E+02      0.405650255802E+02      0.475634193420E+02
      52     -0.723740828375E+02      0.405689773990E+02      0.465921974182E+02
      53     -0.723875372310E+02      0.405595750745E+02      0.466331062317E+02
      54     -0.724020819568E+02      0.405562397105E+02      0.463303527832E+02
      55     -0.724148938809E+02      0.405518031288E+02      0.461349601746E+02
      56     -0.724284066907E+02      0.405554158466E+02      0.454281120300E+02
      57     -0.724432431260E+02      0.405516715657E+02      0.450332489014E+02
      58     -0.724506913727E+02      0.405375810326E+02      0.454387092590E+02
      59     -0.723234130655E+02      0.406065215496E+02      0.475064506531E+02
      60     -0.723304208331E+02      0.405928026144E+02      0.478312644958E+02
      61     -0.723450933572E+02      0.405920877773E+02      0.469412460327E+02
      62     -0.723511812192E+02      0.405795606642E+02      0.472637710571E+02
      63     -0.723641870122E+02      0.405784611027E+02      0.465959854126E+02
      64     -0.723754178205E+02      0.405845147940E+02      0.458661041260E+02
      65     -0.723855599783E+02      0.405740929967E+02      0.459684753418E+02
      66     -0.723995921572E+02      0.405721338218E+02      0.455858535767E+02
      67     -0.724142712330E+02      0.405647990550E+02      0.454865493774E+02
      68     -0.724272899338E+02      0.405710970433E+02      0.446965026855E+02
      69     -0.724399562754E+02      0.405664184595E+02      0.444448165894E+02
      70     -0.724515904859E+02      0.405620110756E+02      0.442536697388E+02
      71     -0.724576852130E+02      0.405510859800E+02      0.445393104553E+02
      72     -0.723335651845E+02      0.406294760344E+02      0.461663894653E+02
      73     -0.723317571099E+02      0.406165694839E+02      0.467458190918E+02
      74     -0.723383951084E+02      0.406052128609E+02      0.466905097961E+02
      75     -0.723527782316E+02      0.406062519870E+02      0.459895401001E+02
      76     -0.723617750104E+02      0.405929400114E+02      0.461227073669E+02
      77     -0.723783551749E+02      0.405993494390E+02      0.451270980835E+02
      78     -0.723893499060E+02      0.405862489655E+02      0.453047218323E+02
      79     -0.724032908916E+02      0.405872607500E+02      0.447746238708E+02
      80     -0.724138592176E+02      0.405786627677E+02      0.447823715210E+02
      81     -0.724258075455E+02      0.405830979109E+02      0.441970901489E+02
      82     -0.724402361916E+02      0.405815415859E+02      0.437583580017E+02
      83     -0.724530487512E+02      0.405747948967E+02      0.436326026917E+02
      84     -0.723369068551E+02      0.406449544624E+02      0.450698509216E+02
      85     -0.723481178115E+02      0.406322941421E+02      0.450675315857E+02
      86     -0.723450412423E+02      0.406187687528E+02      0.457559051514E+02
      87     -0.723604898108E+02      0.406213734933E+02      0.449651374817E+02
      88     -0.723659049966E+02      0.406071195879E+02      0.453700294495E+02
      89     -0.723757167136E+02      0.406157365532E+02      0.445776939392E+02
      90     -0.723890646599E+02      0.406111889745E+02      0.442238426208E+02
      91     -0.723935688664E+02      0.405984223118E+02      0.446252555847E+02
      92     -0.724065170477E+02      0.405992307059E+02      0.441418075562E+02
      93     -0.724173884923E+02      0.405937035368E+02      0.440644531250E+02
      94     -0.724308466651E+02      0.405919379981E+02      0.437174911499E+02
      95     -0.724417532037E+02      0.405959142514E+02      0.431250953674E+02
      96     -0.724555650217E+02      0.405893441229E+02      0.429216499329E+02
      97     -0.723482694477E+02      0.406564584322E+02      0.434178619385E+02
      98     -0.723510691267E+02      0.406442868510E+02      0.441259803772E+02
      99     -0.723623010509E+02      0.406368044102E+02      0.440426025391E+02
     100     -0.723742821507E+02      0.406301366130E+02      0.438426017761E+02
     101     -0.723875887070E+02      0.406242094856E+02      0.436243400574E+02
     102     -0.724025991187E+02      0.406202898928E+02      0.435876922607E+02
     103     -0.724014124280E+02      0.406084294858E+02      0.439765701294E+02
     104     -0.724152357405E+02      0.406093175013E+02      0.436365928650E+02
     105     -0.724285221151E+02      0.406036213251E+02      0.434942474365E+02
     106     -0.724409032201E+02      0.406090546416E+02      0.427751770020E+02
     107     -0.724516842580E+02      0.406026574391E+02      0.425187149048E+02
     108     -0.723616546572E+02      0.406506043422E+02      0.431200103760E+02
     109     -0.723752349397E+02      0.406454785687E+02      0.427426414490E+02
     110     -0.723869332547E+02      0.406373339589E+02      0.428455200195E+02
     111     -0.723982730322E+02      0.406320032294E+02      0.430203208923E+02
     112     -0.724116541870E+02      0.406335699792E+02      0.427020187378E+02
     113     -0.724160272260E+02      0.406217115248E+02      0.432403755188E+02
     114     -0.724288443899E+02      0.406173121439E+02      0.430845603943E+02
     115     -0.724418125234E+02      0.406196918711E+02      0.424336395264E+02
     116     -0.724548850484E+02      0.406151466236E+02      0.419596328735E+02
     117     -0.723884540922E+02      0.406484636475E+02      0.421599502563E+02
     118     -0.724011390592E+02      0.406441107579E+02      0.422674446106E+02
     119     -0.724140522329E+02      0.406453358151E+02      0.419985008240E+02
     120     -0.724265996170E+02      0.406409807590E+02      0.421216468811E+02
     121     -0.724243168705E+02      0.406292943997E+02      0.427249298096E+02
     122     -0.724369533917E+02      0.406306570272E+02      0.423203239441E+02
     123     -0.724495613834E+02      0.406263327973E+02      0.418572311401E+02
     124     -0.724617002961E+02      0.406281330291E+02      0.412313308716E+02
     125     -0.723968618581E+02      0.406556029341E+02      0.416033859253E+02
     126     -0.724097820407E+02      0.406566161465E+02      0.413089599609E+02
     127     -0.724226207708E+02      0.406522987035E+02      0.416114578247E+02
     128     -0.724359801561E+02      0.406530469344E+02      0.415422439575E+02
     129     -0.724400302317E+02      0.406422480421E+02      0.418158912659E+02
     130     -0.724509603545E+02      0.406366926813E+02      0.414611587524E+02
     131     -0.724640177465E+02      0.406413162716E+02      0.406889152527E+02
     132     -0.724511426501E+02      0.406486163452E+02      0.410447807312E+02
       1       3       9      10       1
       2       3       1      10      11
       3       3       1      11       2
       4       3      11       3       2
       5       3      11      12       3
       6       3      12       4       3
       7       3      13       4      12
       8       3       5       4      13
       9       3      13      14       5
      10       3      14       6       5
      11       3      14      15       6
      12       3       7       6      15
      13       3       7      15       8
      14       3       8      15      16
      15       3       8      16      17
      16       3      19       9      18
      17       3       9      19      10
      18       3      19      20      10
      19       3      11      10      20
      20       3      12      11      20
      21       3      12      20      21
      22       3      22      12      21
      23       3      13      12      22
      24       3      22      14      13
      25       3      22      23      14
      26       3      24      14      23
      27       3      14      24      15
      28       3      15      24      16
      29       3      16      24      25
      30       3      16      25      26
      31       3      16      26      27
      32       3      17      16      27
      33       3      17      27      28
      34       3      33      18      32
      35       3      34      18      33
      36       3      34      19      18
      37       3      19      34      20
      38       3      34      35      20
      39       3      35      21      20
      40       3      35      36      21
      41       3      36      37      21
      42       3      21      37      23
      43       3      21      23      22
      44       3      25      23      37
      45       3      24      23      25
      46       3      25      37      38
      47       3      26      25      38
      48       3      26      38      39
      49       3      39      27      26
      50       3      39      40      27
      51       3      27      40      41
      52       3      28      27      41
      53       3      28      41      42
      54       3      29      28      42
      55       3      29      42      43
      56       3      30      29      43
      57       3      30      43      44
      58       3      31      30      44
      59       3      44      45      31
      60       3      45      46      31
      61       3      48      32      47
      62       3      48      33      32
      63       3      35      33      48
      64       3      35      34      33
      65       3      48      49      35
      66       3      49      36      35
      67       3      50      36      49
      68       3      38      36      50
      69       3      38      37      36
      70       3      38      50      51
      71       3      39      38      51
      72       3      40      39      51
      73       3      40      51      52
      74       3      53      40      52
      75       3      41      40      53
      76       3      53      42      41
      77       3      53      54      42
      78       3      43      42      54
      79       3      43      54      55
      80       3      44      43      55
      81       3      44      55      56
      82       3      45      44      56
      83       3      45      56      57
      84       3      58      45      57
      85       3      46      45      58
      86       3      59      60      47
      87       3      48      47      60
      88       3      49      48      60
      89       3      60      61      49
      90       3      61      62      49
      91       3      50      49      62
      92       3      51      50      62
      93       3      51      62      63
      94       3      52      51      63
      95       3      52      63      64
      96       3      65      52      64
      97       3      53      52      65
      98       3      53      65      66
      99       3      54      53      66
     100       3      54      66      67
     101       3      55      54      67
     102       3      67      56      55
     103       3      67      68      56
     104       3      56      68      69
     105       3      57      56      69
     106       3      57      69      70
     107       3      71      57      70
     108       3      58      57      71
     109       3      73      74      59
     110       3      59      74      60
     111       3      61      60      74
     112       3      61      74      75
     113       3      76      61      75
     114       3      62      61      76
     115       3      63      62      76
     116       3      76      64      63
     117       3      76      77      64
     118       3      78      64      77
     119       3      65      64      78
     120       3      66      65      78
     121       3      66      78      79
     122       3      66      79      80
     123       3      67      66      80
     124       3      68      67      80
     125       3      68      80      81
     126       3      68      81      82
     127       3      69      68      82
     128       3      69      82      83
     129       3      70      69      83
     130       3      84      85      72
     131       3      86      72      85
     132       3      86      73      72
     133       3      73      86      74
     134       3      86      75      74
     135       3      75      86      87
     136       3      88      75      87
     137       3      76      75      88
     138       3      77      76      88
     139       3      77      88      89
     140       3      90      77      89
     141       3      91      77      90
     142       3      78      77      91
     143       3      91      79      78
     144       3      91      92      79
     145       3      79      92      93
     146       3      80      79      93
     147       3      80      93      81
     148       3      81      93      94
     149       3      82      81      94
     150       3      82      94      95
     151       3      82      95      96
     152       3      83      82      96
     153       3      98      84      97
     154       3      98      85      84
     155       3      99      85      98
     156       3      87      85      99
     157       3      86      85      87
     158       3      99     100      87
     159       3     100      89      87
     160       3      88      87      89
     161       3      89     100     101
     162       3      90      89     101
     163       3      90     101     102
     164       3     103      90     102
     165       3      91      90     103
     166       3      92      91     103
     167       3      92     103     104
     168       3      93      92     104
     169       3     104     105      93
     170       3     105      94      93
     171       3     105      95      94
     172       3     106      95     105
     173       3      95     106     107
     174       3      96      95     107
     175       3      98      97     108
     176       3      99      98     108
     177       3      99     108     109
     178       3     100      99     109
     179       3     110     100     109
     180       3     101     100     110
     181       3     110     111     101
     182       3     111     102     101
     183       3     102     111     112
     184       3     113     102     112
     185       3     104     102     113
     186       3     104     103     102
     187       3     104     113     114
     188       3     105     104     114
     189       3     106     105     114
     190       3     106     114     115
     191       3     106     115     116
     192       3     107     106     116
     193       3     110     109     117
     194       3     110     117     118
     195       3     111     110     118
     196       3     112     111     118
     197       3     112     118     119
     198       3     112     119     120
     199       3     121     112     120
     200       3     113     112     121
     201       3     114     113     121
     202       3     114     121     122
     203       3     115     114     122
     204       3     115     122     123
     205       3     116     115     123
     206       3     123     124     116
     207       3     118     117     125
     208       3     118     125     126
     209       3     119     118     126
     210       3     119     126     127
     211       3     120     119     127
     212       3     120     127     128
     213       3     129     120     128
     214       3     120     129     122
     215       3     120     122     121
     216       3     122     129     130
     217       3     123     122     130
     218       3     124     123     130
     219       3     124     130     131
     220       3     129     128     132
     221       3     130     129     132
     222       3     130     132     131
 0                    ! Number of open boundaries                               
 0                   ! Total number of open boundary nodes                      
 0 = Number of land boundaries                                                  
 0 = Total number of land boundary nodes                                        
