RES NODE          28          92
                  10          11          12          13          14          15
                  16          19          20          21          22          23
                  24          25          26          27          33          34
                  35          36          37          38          39          40
                  41          42          43          44          45          48
                  49          50          51          52          53          54
                  55          56          57          60          61          62
                  63          64          65          66          67          68
                  69          74          75          76          77          78
                  79          80          81          82          85          86
                  87          88          89          90          91          92
                  93          94          95          98          99         100
                 101         102         103         104         105         106
                 110         111         112         113         114         115
                 118         119         120         121         122         123
                 129         130
COMM PE            5
RECV PE            2           8
                  58          70          71          83          96         107
                 116         124
RECV PE            9           4
                 127         128         131         132
RECV PE           29          12
                   3           4           5           6           7           8
                  17          28          29          30          31          46
RECV PE           30           6
                  97         108         109         117         125         126
RECV PE           31          10
                   1           2           9          18          32          47
                  59          72          73          84
SEND PE            2           9
                  45          57          69          82          95         106
                 115         123         130
SEND PE            9           4
                 119         120         129         130
SEND PE           29          12
                  11          12          13          14          15          16
                  27          41          42          43          44          45
SEND PE           30           6
                  98          99         100         110         118         119
SEND PE           31          11
                  10          11          19          33          34          48
                  60          74          85          86          98
