 Shinacock Inlet Coarse Grid                                                    
     226     136
       1     -0.722417434455E+02      0.407351850377E+02      0.441194152832E+02
       2     -0.722715995818E+02      0.406853203259E+02      0.464743194580E+02
       3     -0.722507483224E+02      0.407486571437E+02      0.431252899170E+02
       4     -0.722583644018E+02      0.407375903371E+02      0.431175308228E+02
       5     -0.722543970251E+02      0.407246537827E+02      0.441810455322E+02
       6     -0.722634772106E+02      0.407138847327E+02      0.447562484741E+02
       7     -0.722655613678E+02      0.406998409136E+02      0.456025085449E+02
       8     -0.722804421261E+02      0.406971197273E+02      0.455844917297E+02
       9     -0.722854930211E+02      0.406837902577E+02      0.463143005371E+02
      10     -0.723081272195E+02      0.406731205074E+02      0.453560142517E+02
      11     -0.723369068551E+02      0.406449544624E+02      0.450698509216E+02
      12     -0.722554962980E+02      0.407629991536E+02      0.416452865601E+02
      13     -0.722659310433E+02      0.407516300117E+02      0.418542556763E+02
      14     -0.722719142518E+02      0.407378347043E+02      0.427691535950E+02
      15     -0.722677717824E+02      0.407253851221E+02      0.438235664368E+02
      16     -0.722766323489E+02      0.407116167074E+02      0.446446647644E+02
      17     -0.722911080182E+02      0.407061361936E+02      0.444741325378E+02
      18     -0.722949282268E+02      0.406939200980E+02      0.452363662720E+02
      19     -0.722983069606E+02      0.406821137220E+02      0.456001586914E+02
      20     -0.723087660836E+02      0.406890227893E+02      0.445174713135E+02
      21     -0.723206234312E+02      0.406824062956E+02      0.439735527039E+02
      22     -0.723224190342E+02      0.406677797246E+02      0.446908645630E+02
      23     -0.723354889768E+02      0.406611576939E+02      0.440278854370E+02
      24     -0.723482694477E+02      0.406564584322E+02      0.434178619385E+02
      25     -0.723510691267E+02      0.406442868510E+02      0.441259803772E+02
      26     -0.723623010509E+02      0.406368044102E+02      0.440426025391E+02
      27     -0.723742821507E+02      0.406301366130E+02      0.438426017761E+02
      28     -0.722680686723E+02      0.407671066092E+02      0.405219802856E+02
      29     -0.722791138693E+02      0.407588850091E+02      0.406353797913E+02
      30     -0.722803843398E+02      0.407472512124E+02      0.416971206665E+02
      31     -0.722838598660E+02      0.407359415940E+02      0.425751190186E+02
      32     -0.722803414295E+02      0.407257801472E+02      0.434603614807E+02
      33     -0.722887753977E+02      0.407176619166E+02      0.436732635498E+02
      34     -0.723009922285E+02      0.407155986563E+02      0.432716217041E+02
      35     -0.723055218755E+02      0.407026420500E+02      0.439956588745E+02
      36     -0.723200143102E+02      0.406986019021E+02      0.431175804138E+02
      37     -0.723321336169E+02      0.406894112485E+02      0.426530532837E+02
      38     -0.723335876424E+02      0.406755227362E+02      0.433258895874E+02
      39     -0.723477548337E+02      0.406711466570E+02      0.424967613220E+02
      40     -0.723601772295E+02      0.406635153645E+02      0.423090324402E+02
      41     -0.723616546572E+02      0.406506043422E+02      0.431200103760E+02
      42     -0.723752349397E+02      0.406454785687E+02      0.427426414490E+02
      43     -0.723869332547E+02      0.406373339589E+02      0.428455200195E+02
      44     -0.722804712791E+02      0.407715070920E+02      0.394855003357E+02
      45     -0.722899128837E+02      0.407647539171E+02      0.396146659851E+02
      46     -0.722931493170E+02      0.407529193852E+02      0.407184524536E+02
      47     -0.722918811022E+02      0.407413401473E+02      0.419186058044E+02
      48     -0.722948453586E+02      0.407287625436E+02      0.426879386902E+02
      49     -0.723080005622E+02      0.407260382467E+02      0.423560028076E+02
      50     -0.723144106863E+02      0.407127975649E+02      0.427962951660E+02
      51     -0.723282793722E+02      0.407124134204E+02      0.419061965942E+02
      52     -0.723329301051E+02      0.407008104690E+02      0.419507369995E+02
      53     -0.723453252989E+02      0.406960250318E+02      0.412638702393E+02
      54     -0.723433137878E+02      0.406835591473E+02      0.420899200439E+02
      55     -0.723559229241E+02      0.406854297118E+02      0.412870178223E+02
      56     -0.723608813579E+02      0.406744387535E+02      0.416395454407E+02
      57     -0.723737015287E+02      0.406703431356E+02      0.412403678894E+02
      58     -0.723714361617E+02      0.406580514741E+02      0.420771827698E+02
      59     -0.723841217197E+02      0.406597211282E+02      0.414335517883E+02
      60     -0.723884540922E+02      0.406484636475E+02      0.421599502563E+02
      61     -0.724011390592E+02      0.406441107579E+02      0.422674446106E+02
      62     -0.724140522329E+02      0.406453358151E+02      0.419985008240E+02
      63     -0.722933028638E+02      0.407764474129E+02      0.381778182983E+02
      64     -0.723017442642E+02      0.407645446686E+02      0.391217842102E+02
      65     -0.723051175680E+02      0.407523250552E+02      0.403030776978E+02
      66     -0.723036262043E+02      0.407401991605E+02      0.417099723816E+02
      67     -0.723151837320E+02      0.407350683883E+02      0.416972312927E+02
      68     -0.723206820491E+02      0.407241828879E+02      0.420061340332E+02
      69     -0.723315169006E+02      0.407247333379E+02      0.413735389709E+02
      70     -0.723420464999E+02      0.407194072343E+02      0.408596649170E+02
      71     -0.723406079321E+02      0.407079053116E+02      0.412070083618E+02
      72     -0.723524021398E+02      0.407087072872E+02      0.404628715515E+02
      73     -0.723575727953E+02      0.406973915036E+02      0.406025199890E+02
      74     -0.723697345817E+02      0.406928898257E+02      0.402084732056E+02
      75     -0.723687265160E+02      0.406817061013E+02      0.408275604248E+02
      76     -0.723811235130E+02      0.406832008417E+02      0.401300697327E+02
      77     -0.723863708656E+02      0.406718071612E+02      0.405334625244E+02
      78     -0.723985505429E+02      0.406667794983E+02      0.405718002319E+02
      79     -0.723968618581E+02      0.406556029341E+02      0.416033859253E+02
      80     -0.724097820407E+02      0.406566161465E+02      0.413089599609E+02
      81     -0.724226207708E+02      0.406522987035E+02      0.416114578247E+02
      82     -0.723044144102E+02      0.407761134536E+02      0.375408973694E+02
      83     -0.723146231107E+02      0.407695690346E+02      0.377670516968E+02
      84     -0.723125198799E+02      0.407587490174E+02      0.394081268311E+02
      85     -0.723162132782E+02      0.407468641765E+02      0.407564163208E+02
      86     -0.723268440723E+02      0.407364775246E+02      0.411563224792E+02
      87     -0.723390031857E+02      0.407322343720E+02      0.406425209045E+02
      88     -0.723506673308E+02      0.407303020524E+02      0.400761871338E+02
      89     -0.723532135273E+02      0.407198877072E+02      0.401656990051E+02
      90     -0.723633193094E+02      0.407167479399E+02      0.396249618530E+02
      91     -0.723647906690E+02      0.407050359142E+02      0.399496307373E+02
      92     -0.723761291146E+02      0.407036009204E+02      0.394237937927E+02
      93     -0.723828993750E+02      0.406955676960E+02      0.393563346863E+02
      94     -0.723924901287E+02      0.406898532059E+02      0.392074432373E+02
      95     -0.723949116190E+02      0.406792151204E+02      0.396860885620E+02
      96     -0.724072569003E+02      0.406768286584E+02      0.394856452942E+02
      97     -0.724119631387E+02      0.406674526766E+02      0.402358474731E+02
      98     -0.724242484627E+02      0.406631467003E+02      0.404218902588E+02
      99     -0.723273961993E+02      0.407707533178E+02      0.371020011902E+02
     100     -0.723231604098E+02      0.407591944846E+02      0.389497032166E+02
     101     -0.723269287465E+02      0.407478683868E+02      0.403306579590E+02
     102     -0.723373719479E+02      0.407442778775E+02      0.401775894165E+02
     103     -0.723462546810E+02      0.407393711046E+02      0.398704376221E+02
     104     -0.723556347233E+02      0.407414050218E+02      0.393382492065E+02
     105     -0.723624807707E+02      0.407352455865E+02      0.392297706604E+02
     106     -0.723598927150E+02      0.407262303492E+02      0.396114578247E+02
     107     -0.723689703000E+02      0.407280602390E+02      0.390097732544E+02
     108     -0.723744184688E+02      0.407210344535E+02      0.388007545471E+02
     109     -0.723718321144E+02      0.407121176095E+02      0.393279647827E+02
     110     -0.723809021363E+02      0.407138345264E+02      0.387184028625E+02
     111     -0.723869065565E+02      0.407066845747E+02      0.386554565430E+02
     112     -0.723939443248E+02      0.407007254088E+02      0.385397605896E+02
     113     -0.724016176458E+02      0.406958404705E+02      0.384569702148E+02
     114     -0.724041897680E+02      0.406870636909E+02      0.388178100586E+02
     115     -0.724155845060E+02      0.406854135497E+02      0.385728530884E+02
     116     -0.724200926223E+02      0.406750632026E+02      0.392898025513E+02
     117     -0.723344943978E+02      0.407628852840E+02      0.380510406494E+02
     118     -0.723329834364E+02      0.407540421578E+02      0.393093070984E+02
     119     -0.723734080114E+02      0.407381654775E+02      0.383441619873E+02
     120     -0.723787666761E+02      0.407304495099E+02      0.381268196106E+02
     121     -0.723839251361E+02      0.407232570808E+02      0.381461753845E+02
     122     -0.723903151288E+02      0.407166081536E+02      0.380412216187E+02
     123     -0.723973798634E+02      0.407110899264E+02      0.378685188293E+02
     124     -0.724044205174E+02      0.407047832930E+02      0.378612251282E+02
     125     -0.724119845127E+02      0.406963725794E+02      0.379925804138E+02
     126     -0.724226372866E+02      0.406932328857E+02      0.378683128357E+02
     127     -0.724275138629E+02      0.406837727276E+02      0.383516654968E+02
     128     -0.723840830778E+02      0.407385660736E+02      0.374249916077E+02
     129     -0.723884583900E+02      0.407320983455E+02      0.374856071472E+02
     130     -0.723921131347E+02      0.407251021609E+02      0.375809326172E+02
     131     -0.723994383802E+02      0.407214711994E+02      0.373428802490E+02
     132     -0.724073713867E+02      0.407152586939E+02      0.372355537415E+02
     133     -0.724131595961E+02      0.407074617448E+02      0.373714447021E+02
     134     -0.724207058524E+02      0.407025894986E+02      0.372630462646E+02
     135     -0.723946336103E+02      0.407404070590E+02      0.366226387024E+02
     136     -0.723971037160E+02      0.407317436144E+02      0.369938278198E+02
       1       3       3       4       1
       2       3       1       4       5
       3       3       2       7       8
       4       3       9       2       8
       5       3      13       3      12
       6       3       4       3      13
       7       3      14       4      13
       8       3      15       4      14
       9       3      15       5       4
      10       3       5      15       6
      11       3      15      16       6
      12       3       7       6      16
      13       3       8       7      16
      14       3      17       8      16
      15       3      18       8      17
      16       3       9       8      18
      17       3      19       9      18
      18       3      10      19      20
      19       3      10      20      21
      20       3      22      10      21
      21       3      11      23      24
      22       3      25      11      24
      23       3      13      12      28
      24       3      28      29      13
      25       3      29      30      13
      26       3      13      30      14
      27       3      30      31      14
      28       3      32      14      31
      29       3      32      15      14
      30       3      15      32      16
      31       3      32      33      16
      32       3      17      16      33
      33       3      33      34      17
      34       3      34      35      17
      35       3      18      17      35
      36       3      20      18      35
      37       3      20      19      18
      38       3      35      36      20
      39       3      36      21      20
      40       3      37      21      36
      41       3      38      21      37
      42       3      22      21      38
      43       3      22      38      23
      44       3      38      39      23
      45       3      39      24      23
      46       3      40      24      39
      47       3      41      24      40
      48       3      25      24      41
      49       3      26      25      41
      50       3      26      41      42
      51       3      27      26      42
      52       3      43      27      42
      53       3      28      44      29
      54       3      29      44      45
      55       3      46      29      45
      56       3      30      29      46
      57       3      47      30      46
      58       3      47      31      30
      59       3      48      31      47
      60       3      48      32      31
      61       3      32      48      33
      62       3      48      34      33
      63       3      48      49      34
      64       3      49      50      34
      65       3      35      34      50
      66       3      36      35      50
      67       3      36      50      51
      68       3      52      36      51
      69       3      37      36      52
      70       3      52      53      37
      71       3      53      54      37
      72       3      38      37      54
      73       3      39      38      54
      74       3      39      54      55
      75       3      56      39      55
      76       3      40      39      56
      77       3      56      57      40
      78       3      57      58      40
      79       3      41      40      58
      80       3      42      41      58
      81       3      42      58      59
      82       3      60      42      59
      83       3      43      42      60
      84       3      43      60      61
      85       3      45      44      63
      86       3      64      45      63
      87       3      46      45      64
      88       3      65      46      64
      89       3      46      65      66
      90       3      46      66      47
      91       3      47      66      48
      92       3      66      49      48
      93       3      49      66      67
      94       3      68      49      67
      95       3      68      50      49
      96       3      51      50      68
      97       3      51      68      69
      98       3      51      69      70
      99       3      71      51      70
     100       3      52      51      71
     101       3      53      52      71
     102       3      53      71      72
     103       3      73      53      72
     104       3      55      53      73
     105       3      55      54      53
     106       3      55      73      74
     107       3      75      55      74
     108       3      56      55      75
     109       3      57      56      75
     110       3      57      75      76
     111       3      77      57      76
     112       3      57      77      59
     113       3      57      59      58
     114       3      77      78      59
     115       3      78      79      59
     116       3      60      59      79
     117       3      61      60      79
     118       3      61      79      80
     119       3      62      61      80
     120       3      62      80      81
     121       3      64      63      82
     122       3      64      82      83
     123       3      84      64      83
     124       3      65      64      84
     125       3      85      65      84
     126       3      66      65      85
     127       3      67      66      85
     128       3      86      67      85
     129       3      67      86      68
     130       3      86      69      68
     131       3      86      87      69
     132       3      87      70      69
     133       3      70      87      88
     134       3      89      70      88
     135       3      72      70      89
     136       3      72      71      70
     137       3      72      89      90
     138       3      91      72      90
     139       3      72      91      73
     140       3      91      74      73
     141       3      74      91      92
     142       3      93      74      92
     143       3      76      74      93
     144       3      76      75      74
     145       3      76      93      94
     146       3      95      76      94
     147       3      77      76      95
     148       3      78      77      95
     149       3      78      95      96
     150       3      97      78      96
     151       3      80      78      97
     152       3      80      79      78
     153       3      80      97      98
     154       3      81      80      98
     155       3     100      83      99
     156       3     100      84      83
     157       3      85      84     100
     158       3     101      85     100
     159       3      86      85     101
     160       3      86     101     102
     161       3      87      86     102
     162       3      87     102     103
     163       3      88      87     103
     164       3      88     103     104
     165       3     104     105      88
     166       3     105     106      88
     167       3      88     106      89
     168       3     106      90      89
     169       3     107      90     106
     170       3     108      90     107
     171       3     109      90     108
     172       3      90     109      91
     173       3     109      92      91
     174       3     110      92     109
     175       3     111      92     110
     176       3      93      92     111
     177       3     111     112      93
     178       3     112      94      93
     179       3      94     112     113
     180       3     114      94     113
     181       3      95      94     114
     182       3      96      95     114
     183       3     114     115      96
     184       3     115     116      96
     185       3      97      96     116
     186       3      98      97     116
     187       3     100      99     117
     188       3     117     118     100
     189       3     100     118     101
     190       3     118     102     101
     191       3     105     119     107
     192       3     105     107     106
     193       3     119     120     107
     194       3     108     107     120
     195       3     121     108     120
     196       3     108     121     110
     197       3     108     110     109
     198       3     121     122     110
     199       3     122     111     110
     200       3     123     111     122
     201       3     123     112     111
     202       3     123     124     112
     203       3     113     112     124
     204       3     124     125     113
     205       3     125     114     113
     206       3     114     125     115
     207       3     126     115     125
     208       3     126     127     115
     209       3     116     115     127
     210       3     128     120     119
     211       3     128     129     120
     212       3     121     120     129
     213       3     130     121     129
     214       3     121     130     122
     215       3     130     131     122
     216       3     131     123     122
     217       3     131     132     123
     218       3     132     124     123
     219       3     132     133     124
     220       3     124     133     125
     221       3     134     125     133
     222       3     134     126     125
     223       3     128     135     129
     224       3     135     136     129
     225       3     130     129     136
     226       3     131     130     136
 0                    ! Number of open boundaries                               
 0                   ! Total number of open boundary nodes                      
 0 = Number of land boundaries                                                  
 0 = Total number of land boundary nodes                                        
