RES NODE          30          92
                   4           8          13          14          15          16
                  17          18          20          21          24          29
                  30          31          32          33          34          35
                  36          37          38          39          40          41
                  42          45          46          47          48          49
                  50          51          52          53          54          55
                  56          57          58          59          60          64
                  65          66          67          68          69          70
                  71          72          73          74          75          76
                  77          78          79          80          84          85
                  86          87          88          89          90          91
                  92          93          94          95          96          97
                 100         101         106         107         108         109
                 110         111         112         113         114         115
                 120         121         122         123         124         125
                 129         130
COMM PE            7
RECV PE            9          11
                  81          98         116         126         127         131
                 132         133         134         135         136
RECV PE           17           8
                 102         103         104         105         117         118
                 119         128
RECV PE           18           3
                  82          83          99
RECV PE           24           5
                   3          12          28          44          63
RECV PE           26           4
                   1           5           6           7
RECV PE           28           6
                  25          26          27          43          61          62
RECV PE           31           7
                   2           9          10          11          19          22
                  23
SEND PE            9          10
                  80          96          97         115         122         123
                 124         125         129         130
SEND PE           17           9
                  86          87          88         100         101         106
                 107         120         129
SEND PE           18           3
                  64          84         100
SEND PE           24           5
                   4          13          29          45          64
SEND PE           26           4
                   4           8          15          16
SEND PE           28           6
                  24          41          42          60          79          80
SEND PE           31           7
                   8          18          20          21          24          38
                  39
