RES NODE           1          90
                   4           5          13          14          15          16
                  17          18          22          23          24          25
                  26          27          28          32          33          34
                  35          36          37          38          39          40
                  43          47          48          49          50          51
                  52          53          54          55          56          57
                  60          61          62          63          64          65
                  66          67          68          69          72          73
                  74          75          76          77          78          79
                  80          84          85          86          87          88
                  89          90          91          92          93          96
                  97          98          99         100         101         102
                 103         106         107         108         109         110
                 111         112         113         114         118         119
                 120         121         123         124         129         130
COMM PE            7
RECV PE            0          12
                   2           6           7           8           9          10
                  19          20          29          30          41          42
RECV PE            2          11
                  11          12          21          31          46          59
                  71          83          95         105         116
RECV PE            3           2
                   1           3
RECV PE            4           3
                  44          45          58
RECV PE            7           7
                  70          81          82          94         104         115
                 126
RECV PE            8           4
                 117         127         128         135
RECV PE           11           8
                 122         125         131         132         133         134
                 136         137
SEND PE            0          12
                   5          13          14          15          16          17
                  18          28          39          40          43          54
SEND PE            2          11
                   4          13          22          32          47          60
                  72          84          85          96         106
SEND PE            3           2
                   4           5
SEND PE            4           3
                  43          56          57
SEND PE            7           7
                  57          69          80          92          93         103
                 114
SEND PE            8           4
                 106         118         119         129
SEND PE           11           7
                 110         114         121         123         124         129
                 130
