 Shinacock Inlet Coarse Grid                                                    
     225     137
       1     -0.725979621620E+02      0.405085252540E+02      0.435662155151E+02
       2     -0.726117842584E+02      0.405129705370E+02      0.432047004700E+02
       3     -0.725837808803E+02      0.405128382966E+02      0.434988212585E+02
       4     -0.725887771794E+02      0.405249194387E+02      0.429585227966E+02
       5     -0.726009858720E+02      0.405229315482E+02      0.429311752319E+02
       6     -0.726111926240E+02      0.405290053308E+02      0.425487098694E+02
       7     -0.726237007321E+02      0.405362970607E+02      0.420868644714E+02
       8     -0.726378611210E+02      0.405409422554E+02      0.417149887085E+02
       9     -0.726496723084E+02      0.405492326629E+02      0.411989936829E+02
      10     -0.726635491222E+02      0.405543520969E+02      0.406587409973E+02
      11     -0.725740692374E+02      0.405255150697E+02      0.430314064026E+02
      12     -0.725813816382E+02      0.405387344005E+02      0.424348754883E+02
      13     -0.725962231556E+02      0.405380614859E+02      0.423573989868E+02
      14     -0.726086229237E+02      0.405422579108E+02      0.420337104797E+02
      15     -0.726144391096E+02      0.405521271738E+02      0.415531425476E+02
      16     -0.726269613039E+02      0.405500142070E+02      0.414804420471E+02
      17     -0.726370332926E+02      0.405567921815E+02      0.410728874207E+02
      18     -0.726481403633E+02      0.405661266882E+02      0.405249786377E+02
      19     -0.726613050937E+02      0.405690585234E+02      0.400933380127E+02
      20     -0.726662593750E+02      0.405806585589E+02      0.394511184692E+02
      21     -0.725721369786E+02      0.405536933018E+02      0.419631042480E+02
      22     -0.725861150376E+02      0.405506496938E+02      0.419524230957E+02
      23     -0.725983656404E+02      0.405544506030E+02      0.416535911560E+02
      24     -0.726077660145E+02      0.405645680994E+02      0.411133079529E+02
      25     -0.726225851673E+02      0.405637850672E+02      0.409662818909E+02
      26     -0.726340896257E+02      0.405699328485E+02      0.405677032471E+02
      27     -0.726373296533E+02      0.405828932052E+02      0.399416275024E+02
      28     -0.726522437567E+02      0.405807464583E+02      0.397886810303E+02
      29     -0.726580355947E+02      0.405940151630E+02      0.389062156677E+02
      30     -0.726878845302E+02      0.406113964576E+02      0.374392166138E+02
      31     -0.725691800842E+02      0.405678512934E+02      0.414487495422E+02
      32     -0.725827442758E+02      0.405655181533E+02      0.413800163269E+02
      33     -0.725952485272E+02      0.405682658394E+02      0.411104812622E+02
      34     -0.726016293839E+02      0.405779948762E+02      0.406225280762E+02
      35     -0.726135344325E+02      0.405744000169E+02      0.406292839050E+02
      36     -0.726239284403E+02      0.405789039812E+02      0.403134078979E+02
      37     -0.726224784604E+02      0.405925358361E+02      0.397116851807E+02
      38     -0.726335024306E+02      0.405990872509E+02      0.390551185608E+02
      39     -0.726454383057E+02      0.405930577665E+02      0.391361160278E+02
      40     -0.726467911767E+02      0.406068785865E+02      0.382710838318E+02
      41     -0.726625046801E+02      0.406068314870E+02      0.380685424805E+02
      42     -0.726754285863E+02      0.406064722391E+02      0.379214477539E+02
      43     -0.726707839539E+02      0.406196058665E+02      0.371695785522E+02
      44     -0.726838851117E+02      0.406248871549E+02      0.366561660767E+02
      45     -0.726882347519E+02      0.406374247026E+02      0.357981185913E+02
      46     -0.725727759007E+02      0.405813016780E+02      0.408383789063E+02
      47     -0.725877397097E+02      0.405797628475E+02      0.407189903259E+02
      48     -0.725971181275E+02      0.405906068446E+02      0.401471557617E+02
      49     -0.726109822364E+02      0.405866271604E+02      0.401454772949E+02
      50     -0.726075544983E+02      0.405998376511E+02      0.396247138977E+02
      51     -0.726187117199E+02      0.406064581774E+02      0.389608230591E+02
      52     -0.726311289984E+02      0.406120356706E+02      0.383300094604E+02
      53     -0.726405536991E+02      0.406206767932E+02      0.375827941895E+02
      54     -0.726547610417E+02      0.406194266521E+02      0.373989906311E+02
      55     -0.726595698377E+02      0.406319313886E+02      0.365347595215E+02
      56     -0.726731850499E+02      0.406341898717E+02      0.362279968262E+02
      57     -0.726746914471E+02      0.406470643612E+02      0.354041519165E+02
      58     -0.726856164623E+02      0.406507670265E+02      0.349383163452E+02
      59     -0.725691837212E+02      0.405964915401E+02      0.401480751038E+02
      60     -0.725830003028E+02      0.405928834242E+02      0.402062873840E+02
      61     -0.725932578994E+02      0.406038110627E+02      0.395892791748E+02
      62     -0.726031464271E+02      0.406146719133E+02      0.388191032410E+02
      63     -0.726166614901E+02      0.406192993558E+02      0.382277069092E+02
      64     -0.726277303044E+02      0.406233691239E+02      0.377199172974E+02
      65     -0.726319810306E+02      0.406328341468E+02      0.370238189697E+02
      66     -0.726455941031E+02      0.406319771929E+02      0.366942939758E+02
      67     -0.726489816994E+02      0.406437700172E+02      0.358236656189E+02
      68     -0.726619351272E+02      0.406449283876E+02      0.356276512146E+02
      69     -0.726638012020E+02      0.406575950798E+02      0.348741493225E+02
      70     -0.726758051286E+02      0.406601791462E+02      0.345709037781E+02
      71     -0.725658831458E+02      0.406099431846E+02      0.395232772827E+02
      72     -0.725792723878E+02      0.406058394019E+02      0.396091537476E+02
      73     -0.725875938535E+02      0.406166344520E+02      0.389243507385E+02
      74     -0.725925371562E+02      0.406276663933E+02      0.382066192627E+02
      75     -0.726056112511E+02      0.406290013338E+02      0.378823623657E+02
      76     -0.726183182333E+02      0.406319309284E+02      0.374170303345E+02
      77     -0.726221405367E+02      0.406430108570E+02      0.365943946838E+02
      78     -0.726356609739E+02      0.406435394789E+02      0.361934700012E+02
      79     -0.726387537588E+02      0.406547933311E+02      0.353201446533E+02
      80     -0.726514097207E+02      0.406558587640E+02      0.350498123169E+02
      81     -0.726535866377E+02      0.406678851402E+02      0.343948135376E+02
      82     -0.726656596934E+02      0.406700392316E+02      0.341724700928E+02
      83     -0.725533942814E+02      0.406161226650E+02      0.393723831177E+02
      84     -0.725641151702E+02      0.406229864572E+02      0.388471527100E+02
      85     -0.725750516436E+02      0.406172813047E+02      0.390450019836E+02
      86     -0.725773186157E+02      0.406290688451E+02      0.383163452148E+02
      87     -0.725839928041E+02      0.406387554970E+02      0.376565399170E+02
      88     -0.725958320948E+02      0.406403600226E+02      0.374030990601E+02
      89     -0.726087215113E+02      0.406416679344E+02      0.370315246582E+02
      90     -0.726126173190E+02      0.406529002816E+02      0.361424446106E+02
      91     -0.726257705229E+02      0.406539574614E+02      0.357291679382E+02
      92     -0.726290462125E+02      0.406650118538E+02      0.349453697205E+02
      93     -0.726413912706E+02      0.406662494901E+02      0.346463432312E+02
      94     -0.726438119061E+02      0.406776457851E+02      0.339293785095E+02
      95     -0.725408271452E+02      0.406207834355E+02      0.393101310730E+02
      96     -0.725512558769E+02      0.406299655669E+02      0.386660423279E+02
      97     -0.725640829175E+02      0.406339552791E+02      0.382307968140E+02
      98     -0.725711626664E+02      0.406435248799E+02      0.375843696594E+02
      99     -0.725846596478E+02      0.406513779843E+02      0.368570060730E+02
     100     -0.725990398671E+02      0.406520231182E+02      0.365138511658E+02
     101     -0.726041699367E+02      0.406625996822E+02      0.355167846680E+02
     102     -0.726165762014E+02      0.406638669756E+02      0.351921195984E+02
     103     -0.726200277061E+02      0.406747358890E+02      0.342790145874E+02
     104     -0.726319168755E+02      0.406760199953E+02      0.340985298157E+02
     105     -0.725382471547E+02      0.406313006518E+02      0.388112411499E+02
     106     -0.725414475572E+02      0.406412830237E+02      0.381959037781E+02
     107     -0.725553090669E+02      0.406425069983E+02      0.378907890320E+02
     108     -0.725595132798E+02      0.406529273770E+02      0.372337455750E+02
     109     -0.725721253205E+02      0.406551314622E+02      0.368075103760E+02
     110     -0.725785310585E+02      0.406652343805E+02      0.357923736572E+02
     111     -0.725911115591E+02      0.406627749376E+02      0.357427825928E+02
     112     -0.725975338302E+02      0.406717925032E+02      0.348523941040E+02
     113     -0.726081478188E+02      0.406735088827E+02      0.345112228394E+02
     114     -0.726113952963E+02      0.406837394036E+02      0.334888496399E+02
     115     -0.726232461782E+02      0.406854824237E+02      0.334170417786E+02
     116     -0.725280723727E+02      0.406375609616E+02      0.386374664307E+02
     117     -0.725296031168E+02      0.406501814296E+02      0.378723831177E+02
     118     -0.725450742762E+02      0.406520728006E+02      0.375119705200E+02
     119     -0.725507799947E+02      0.406626071455E+02      0.366347618103E+02
     120     -0.725644260219E+02      0.406629328381E+02      0.362780189514E+02
     121     -0.725686010240E+02      0.406715375715E+02      0.354042282104E+02
     122     -0.725751568178E+02      0.406782827150E+02      0.346727523804E+02
     123     -0.725870973102E+02      0.406756352311E+02      0.347231254578E+02
     124     -0.725988245698E+02      0.406827640906E+02      0.337008895874E+02
     125     -0.726045965188E+02      0.406926443346E+02      0.324461517334E+02
     126     -0.726155069506E+02      0.406934174446E+02      0.323353424072E+02
     127     -0.725359715102E+02      0.406612497975E+02      0.371126518250E+02
     128     -0.725423639216E+02      0.406697281338E+02      0.362247543335E+02
     129     -0.725495234771E+02      0.406740684502E+02      0.355671157837E+02
     130     -0.725584805001E+02      0.406716143686E+02      0.355381507874E+02
     131     -0.725640731207E+02      0.406800554733E+02      0.346599769592E+02
     132     -0.725810770175E+02      0.406852579078E+02      0.338595314026E+02
     133     -0.725888287374E+02      0.406878660007E+02      0.333048362732E+02
     134     -0.725954330013E+02      0.406946788368E+02      0.323785705566E+02
     135     -0.725409843036E+02      0.406799918087E+02      0.353106689453E+02
     136     -0.725480272774E+02      0.406826907254E+02      0.348072242737E+02
     137     -0.725554143514E+02      0.406814950240E+02      0.346528511047E+02
       1       3       1       3       4
       2       3       1       4       5
       3       3       2       1       5
       4       3       2       5       6
       5       3       3      11       4
       6       3       4      11      12
       7       3       4      12      13
       8       3       5       4      13
       9       3       6       5      13
      10       3       6      13      14
      11       3       6      14       7
      12       3      15       7      14
      13       3      15      16       7
      14       3       8       7      16
      15       3       8      16      17
      16       3       8      17       9
      17       3       9      17      18
      18       3      10       9      18
      19       3      10      18      19
      20       3      21      22      12
      21       3      13      12      22
      22       3      13      22      23
      23       3      14      13      23
      24       3      14      23      15
      25       3      15      23      24
      26       3      15      24      25
      27       3      16      15      25
      28       3      17      16      25
      29       3      17      25      26
      30       3      17      26      18
      31       3      18      26      27
      32       3      18      27      28
      33       3      19      18      28
      34       3      19      28      20
      35       3      20      28      29
      36       3      21      31      32
      37       3      22      21      32
      38       3      23      22      32
      39       3      23      32      33
      40       3      23      33      24
      41       3      34      24      33
      42       3      34      35      24
      43       3      25      24      35
      44       3      25      35      36
      45       3      26      25      36
      46       3      26      36      27
      47       3      27      36      37
      48       3      27      37      38
      49       3      27      38      39
      50       3      28      27      39
      51       3      28      39      29
      52       3      29      39      40
      53       3      29      40      41
      54       3      30      42      43
      55       3      30      43      44
      56       3      46      32      31
      57       3      46      47      32
      58       3      33      32      47
      59       3      33      47      34
      60       3      34      47      48
      61       3      34      48      49
      62       3      35      34      49
      63       3      36      35      49
      64       3      36      49      37
      65       3      37      49      50
      66       3      37      50      51
      67       3      38      37      51
      68       3      38      51      52
      69       3      38      52      40
      70       3      39      38      40
      71       3      53      40      52
      72       3      53      54      40
      73       3      54      41      40
      74       3      54      43      41
      75       3      43      42      41
      76       3      43      54      55
      77       3      43      55      56
      78       3      44      43      56
      79       3      44      56      45
      80       3      45      56      57
      81       3      45      57      58
      82       3      46      59      60
      83       3      47      46      60
      84       3      47      60      48
      85       3      48      60      61
      86       3      48      61      50
      87       3      49      48      50
      88       3      62      50      61
      89       3      62      51      50
      90       3      62      63      51
      91       3      63      52      51
      92       3      63      64      52
      93       3      64      53      52
      94       3      65      53      64
      95       3      65      66      53
      96       3      54      53      66
      97       3      54      66      55
      98       3      55      66      67
      99       3      55      67      68
     100       3      68      56      55
     101       3      68      57      56
     102       3      57      68      69
     103       3      57      69      70
     104       3      58      57      70
     105       3      59      71      72
     106       3      60      59      72
     107       3      60      72      61
     108       3      61      72      73
     109       3      73      62      61
     110       3      62      73      74
     111       3      62      74      75
     112       3      63      62      75
     113       3      63      75      76
     114       3      76      64      63
     115       3      76      65      64
     116       3      77      65      76
     117       3      77      78      65
     118       3      78      66      65
     119       3      78      67      66
     120       3      67      78      79
     121       3      67      79      80
     122       3      68      67      80
     123       3      68      80      69
     124       3      69      80      81
     125       3      69      81      82
     126       3      70      69      82
     127       3      71      83      84
     128       3      71      84      85
     129       3      72      71      85
     130       3      72      85      73
     131       3      73      85      86
     132       3      73      86      74
     133       3      74      86      87
     134       3      74      87      88
     135       3      75      74      88
     136       3      75      88      89
     137       3      76      75      89
     138       3      76      89      77
     139       3      77      89      90
     140       3      77      90      91
     141       3      78      77      91
     142       3      78      91      79
     143       3      79      91      92
     144       3      79      92      93
     145       3      80      79      93
     146       3      80      93      81
     147       3      94      81      93
     148       3      83      95      96
     149       3      84      83      96
     150       3      84      96      97
     151       3      84      97      86
     152       3      85      84      86
     153       3      98      86      97
     154       3      98      87      86
     155       3      87      98      99
     156       3      88      87      99
     157       3      88      99     100
     158       3      89      88     100
     159       3      89     100      90
     160       3      90     100     101
     161       3      90     101     102
     162       3     102      91      90
     163       3     102      92      91
     164       3      92     102     103
     165       3      92     103     104
     166       3      93      92     104
     167       3      93     104      94
     168       3      95     105      96
     169       3     106      96     105
     170       3     106     107      96
     171       3     107      97      96
     172       3     107      98      97
     173       3      98     107     108
     174       3      98     108     109
     175       3      98     109      99
     176       3      99     109     110
     177       3      99     110     111
     178       3     100      99     111
     179       3     100     111     101
     180       3     101     111     112
     181       3     101     112     113
     182       3     102     101     113
     183       3     102     113     103
     184       3     103     113     114
     185       3     103     114     115
     186       3     104     103     115
     187       3     105     116     106
     188       3     106     116     117
     189       3     106     117     118
     190       3     107     106     118
     191       3     107     118     108
     192       3     108     118     119
     193       3     108     119     120
     194       3     109     108     120
     195       3     109     120     110
     196       3     110     120     121
     197       3     110     121     122
     198       3     110     122     123
     199       3     111     110     123
     200       3     112     111     123
     201       3     112     123     124
     202       3     124     113     112
     203       3     114     113     124
     204       3     125     114     124
     205       3     126     114     125
     206       3     115     114     126
     207       3     118     117     127
     208       3     118     127     119
     209       3     128     119     127
     210       3     129     119     128
     211       3     129     130     119
     212       3     130     120     119
     213       3     121     120     130
     214       3     131     121     130
     215       3     122     121     131
     216       3     123     122     132
     217       3     123     132     133
     218       3     124     123     133
     219       3     124     133     134
     220       3     134     125     124
     221       3     135     129     128
     222       3     135     136     129
     223       3     129     136     137
     224       3     130     129     137
     225       3     137     131     130
 0                    ! Number of open boundaries                               
 0                   ! Total number of open boundary nodes                      
 0 = Number of land boundaries                                                  
 0 = Total number of land boundary nodes                                        
