RES NODE          31          96
                   2           3           4           5           6           7
                  10          11          12          13          14          15
                  18          19          20          21          22          23
                  26          27          28          29          30          31
                  34          35          36          37          38          39
                  42          43          44          45          46          47
                  48          49          50          53          54          55
                  56          57          58          59          63          64
                  65          66          67          68          69          72
                  73          74          75          76          77          78
                  79          80          84          85          86          87
                  88          89          90          91          94          95
                  96          97          98          99         100         101
                 104         105         106         107         108         109
                 110         111         112         116         117         118
                 119         120         121         125         128         129
COMM PE            4
RECV PE           26          13
                   1           9          17          25          33          41
                  52          62          71          83          93         103
                 114
RECV PE           28          11
                  60          61          70          81          82          92
                 102         113         122         123         131
RECV PE           29           6
                   8          16          24          32          40          51
RECV PE           30           7
                 115         124         126         127         130         132
                 133
SEND PE           26          12
                   2          10          18          26          34          42
                  53          63          72          84          94         104
SEND PE           28          10
                  49          50          59          69          80          91
                 101         111         112         121
SEND PE           29           6
                   7          15          23          31          39          50
SEND PE           30           7
                 104         116         118         121         125         128
                 129
