 Shinacock Inlet Coarse Grid                                                    
     221     133
       1     -0.721265713723E+02      0.405620871889E+02      0.551159591675E+02
       2     -0.721386682155E+02      0.405465778203E+02      0.556639060974E+02
       3     -0.721509909829E+02      0.405312529299E+02      0.561965065002E+02
       4     -0.721657396535E+02      0.405182687922E+02      0.565448989868E+02
       5     -0.721797315575E+02      0.405044499556E+02      0.569563941956E+02
       6     -0.721940643204E+02      0.404909829874E+02      0.573792076111E+02
       7     -0.722094226009E+02      0.404787029072E+02      0.575600051880E+02
       8     -0.722256468677E+02      0.404675867657E+02      0.529393390000E+02
       9     -0.721438217694E+02      0.405774012306E+02      0.538779029846E+02
      10     -0.721513236367E+02      0.405592267947E+02      0.546793365479E+02
      11     -0.721604094140E+02      0.405401263655E+02      0.554929122925E+02
      12     -0.721790920237E+02      0.405298202509E+02      0.556745376587E+02
      13     -0.721968823678E+02      0.405212128242E+02      0.558375434875E+02
      14     -0.722047299976E+02      0.405023315821E+02      0.566316528320E+02
      15     -0.722246307580E+02      0.404955658657E+02      0.565062408447E+02
      16     -0.722348251620E+02      0.404781419130E+02      0.569771461487E+02
      17     -0.721569457581E+02      0.405892956632E+02      0.529133911133E+02
      18     -0.721666887557E+02      0.405727089760E+02      0.537288093567E+02
      19     -0.721724731206E+02      0.405514156873E+02      0.547000083923E+02
      20     -0.721935238899E+02      0.405446596832E+02      0.547392044067E+02
      21     -0.722097728065E+02      0.405343532195E+02      0.549624557495E+02
      22     -0.722194973760E+02      0.405175469867E+02      0.556211624146E+02
      23     -0.722369264999E+02      0.405084780306E+02      0.556838455200E+02
      24     -0.722481298096E+02      0.404926508134E+02      0.560652542114E+02
      25     -0.721741270832E+02      0.405923109757E+02      0.523642921448E+02
      26     -0.721872397184E+02      0.405791321580E+02      0.529074401855E+02
      27     -0.721841046436E+02      0.405625436456E+02      0.539888954163E+02
      28     -0.722008838501E+02      0.405652110813E+02      0.534791450500E+02
      29     -0.722136200770E+02      0.405517674820E+02      0.540352897644E+02
      30     -0.722269678163E+02      0.405382029656E+02      0.544703292847E+02
      31     -0.722400372279E+02      0.405254260714E+02      0.548713798523E+02
      32     -0.722540920682E+02      0.405125547823E+02      0.551073837280E+02
      33     -0.721796101063E+02      0.406110168977E+02      0.510861511230E+02
      34     -0.721919605682E+02      0.405961598323E+02      0.517492637634E+02
      35     -0.722064505864E+02      0.405844410701E+02      0.521616210938E+02
      36     -0.722185325747E+02      0.405693479428E+02      0.528403625488E+02
      37     -0.722328233213E+02      0.405577023400E+02      0.532621574402E+02
      38     -0.722448796623E+02      0.405428667482E+02      0.539254264832E+02
      39     -0.722594175724E+02      0.405316005810E+02      0.541998672485E+02
      40     -0.722715131695E+02      0.405170102918E+02      0.544408950806E+02
      41     -0.721967251755E+02      0.406105975657E+02      0.507472991943E+02
      42     -0.722089457051E+02      0.406031478597E+02      0.509437217712E+02
      43     -0.722217183037E+02      0.405977243290E+02      0.510020713806E+02
      44     -0.722234422988E+02      0.405841746006E+02      0.518071022034E+02
      45     -0.722355141587E+02      0.405766802692E+02      0.520159950256E+02
      46     -0.722482416531E+02      0.405712614643E+02      0.520815315247E+02
      47     -0.722499168144E+02      0.405576747663E+02      0.528962173462E+02
      48     -0.722621090285E+02      0.405502585083E+02      0.530894699097E+02
      49     -0.722750035699E+02      0.405445996958E+02      0.530507926941E+02
      50     -0.722767018124E+02      0.405310808643E+02      0.536603393555E+02
      51     -0.722889507545E+02      0.405228752756E+02      0.535689773560E+02
      52     -0.722104010707E+02      0.406190960871E+02      0.500785102844E+02
      53     -0.722247773336E+02      0.406152758996E+02      0.500790100098E+02
      54     -0.722347537172E+02      0.406052792191E+02      0.503494148254E+02
      55     -0.722371864834E+02      0.405929334685E+02      0.509623451233E+02
      56     -0.722514605803E+02      0.405890204266E+02      0.508827285767E+02
      57     -0.722613833456E+02      0.405788701053E+02      0.512856864929E+02
      58     -0.722638144119E+02      0.405664503508E+02      0.520167961121E+02
      59     -0.722782417127E+02      0.405622896915E+02      0.519039802551E+02
      60     -0.722882524098E+02      0.405515992263E+02      0.521804656982E+02
      61     -0.722907231945E+02      0.405389101238E+02      0.527431488037E+02
      62     -0.722236486891E+02      0.406317857611E+02      0.494830245972E+02
      63     -0.722389532271E+02      0.406296220628E+02      0.494135894775E+02
      64     -0.722396257364E+02      0.406157677247E+02      0.499163856506E+02
      65     -0.722506046574E+02      0.406058446369E+02      0.502046928406E+02
      66     -0.722658072093E+02      0.406034369712E+02      0.499406166077E+02
      67     -0.722663471403E+02      0.405894158113E+02      0.504925918579E+02
      68     -0.722773669351E+02      0.405792755691E+02      0.508680152893E+02
      69     -0.722926765500E+02      0.405764444528E+02      0.505741004944E+02
      70     -0.722932427801E+02      0.405620700994E+02      0.513946685791E+02
      71     -0.722375671268E+02      0.406459352020E+02      0.487918548584E+02
      72     -0.722513158410E+02      0.406420047236E+02      0.488451652527E+02
      73     -0.722544617975E+02      0.406300891455E+02      0.492911415100E+02
      74     -0.722503328462E+02      0.406199934035E+02      0.496865844727E+02
      75     -0.722647566125E+02      0.406199848096E+02      0.496009712219E+02
      76     -0.722783502826E+02      0.406158225005E+02      0.494247589111E+02
      77     -0.722813222269E+02      0.406037266224E+02      0.495999565125E+02
      78     -0.722771245319E+02      0.405935750485E+02      0.499635734558E+02
      79     -0.722916369328E+02      0.405933612556E+02      0.496213798523E+02
      80     -0.723052252056E+02      0.405887882067E+02      0.493072547913E+02
      81     -0.723082414191E+02      0.405761984622E+02      0.500364913940E+02
      82     -0.723040630785E+02      0.405658542631E+02      0.507968330383E+02
      83     -0.722382732120E+02      0.406621453132E+02      0.479910316467E+02
      84     -0.722526683068E+02      0.406579748400E+02      0.480643424988E+02
      85     -0.722631625607E+02      0.406488477090E+02      0.483538093567E+02
      86     -0.722660699629E+02      0.406361310712E+02      0.489435005188E+02
      87     -0.722801788062E+02      0.406319382994E+02      0.488392066956E+02
      88     -0.722902589228E+02      0.406226615849E+02      0.487327880859E+02
      89     -0.722929569206E+02      0.406096899283E+02      0.490261497498E+02
      90     -0.723071939783E+02      0.406054692208E+02      0.484291954041E+02
      91     -0.723170713222E+02      0.405953201961E+02      0.482913703918E+02
      92     -0.723199170781E+02      0.405819654606E+02      0.490817337036E+02
      93     -0.722487641158E+02      0.406730512671E+02      0.473934173584E+02
      94     -0.722629734116E+02      0.406720120313E+02      0.472655334473E+02
      95     -0.722696151335E+02      0.406599936064E+02      0.477320022583E+02
      96     -0.722766058818E+02      0.406468715716E+02      0.482768592834E+02
      97     -0.722911947641E+02      0.406460952971E+02      0.477733535767E+02
      98     -0.722969335939E+02      0.406340698324E+02      0.480648422241E+02
      99     -0.723034092275E+02      0.406203358615E+02      0.482296447754E+02
     100     -0.723185459158E+02      0.406209665269E+02      0.474003028870E+02
     101     -0.723234130655E+02      0.406065215496E+02      0.475064506531E+02
     102     -0.723304208331E+02      0.405928026144E+02      0.478312644958E+02
     103     -0.722578944541E+02      0.406854286831E+02      0.466940574646E+02
     104     -0.722715995818E+02      0.406853203259E+02      0.464743194580E+02
     105     -0.722777927032E+02      0.406720334782E+02      0.470298538208E+02
     106     -0.722845684464E+02      0.406592149837E+02      0.474512481689E+02
     107     -0.722993435550E+02      0.406591351924E+02      0.466760444641E+02
     108     -0.723078999768E+02      0.406461379848E+02      0.470200576782E+02
     109     -0.723100938913E+02      0.406321908193E+02      0.475600738525E+02
     110     -0.723222041244E+02      0.406379640576E+02      0.466223030090E+02
     111     -0.723335651845E+02      0.406294760344E+02      0.461663894653E+02
     112     -0.723317571099E+02      0.406165694839E+02      0.467458190918E+02
     113     -0.723383951084E+02      0.406052128609E+02      0.466905097961E+02
     114     -0.722655613678E+02      0.406998409136E+02      0.456025085449E+02
     115     -0.722804421261E+02      0.406971197273E+02      0.455844917297E+02
     116     -0.722854930211E+02      0.406837902577E+02      0.463143005371E+02
     117     -0.722924442230E+02      0.406711770608E+02      0.464108238220E+02
     118     -0.723081272195E+02      0.406731205074E+02      0.453560142517E+02
     119     -0.723122238018E+02      0.406597507569E+02      0.459583053589E+02
     120     -0.723233234367E+02      0.406525002546E+02      0.455529975891E+02
     121     -0.723369068551E+02      0.406449544624E+02      0.450698509216E+02
     122     -0.723481178115E+02      0.406322941421E+02      0.450675315857E+02
     123     -0.723450412423E+02      0.406187687528E+02      0.457559051514E+02
     124     -0.722949282268E+02      0.406939200980E+02      0.452363662720E+02
     125     -0.722983069606E+02      0.406821137220E+02      0.456001586914E+02
     126     -0.723087660836E+02      0.406890227893E+02      0.445174713135E+02
     127     -0.723206234312E+02      0.406824062956E+02      0.439735527039E+02
     128     -0.723224190342E+02      0.406677797246E+02      0.446908645630E+02
     129     -0.723354889768E+02      0.406611576939E+02      0.440278854370E+02
     130     -0.723482694477E+02      0.406564584322E+02      0.434178619385E+02
     131     -0.723510691267E+02      0.406442868510E+02      0.441259803772E+02
     132     -0.723335876424E+02      0.406755227362E+02      0.433258895874E+02
     133     -0.723477548337E+02      0.406711466570E+02      0.424967613220E+02
       1       3       9      10       1
       2       3       1      10       2
       3       3       2      10      11
       4       3       2      11       3
       5       3       4       3      11
       6       3      12       4      11
       7       3      12       5       4
       8       3      13       5      12
       9       3      14       5      13
      10       3      14       6       5
      11       3       6      14       7
      12       3      15       7      14
      13       3      15      16       7
      14       3       7      16       8
      15       3      17      18       9
      16       3       9      18      10
      17       3      18      19      10
      18       3      10      19      11
      19       3      19      12      11
      20       3      19      20      12
      21       3      20      13      12
      22       3      20      21      13
      23       3      21      22      13
      24       3      13      22      14
      25       3      22      15      14
      26       3      22      23      15
      27       3      23      24      15
      28       3      16      15      24
      29       3      25      18      17
      30       3      25      26      18
      31       3      26      27      18
      32       3      18      27      19
      33       3      27      20      19
      34       3      20      27      28
      35       3      28      29      20
      36       3      21      20      29
      37       3      30      21      29
      38       3      22      21      30
      39       3      30      31      22
      40       3      31      23      22
      41       3      32      23      31
      42       3      24      23      32
      43       3      33      34      25
      44       3      34      26      25
      45       3      34      35      26
      46       3      28      26      35
      47       3      28      27      26
      48       3      36      28      35
      49       3      28      36      29
      50       3      36      37      29
      51       3      30      29      37
      52       3      38      30      37
      53       3      38      31      30
      54       3      39      31      38
      55       3      32      31      39
      56       3      40      32      39
      57       3      33      41      34
      58       3      41      42      34
      59       3      34      42      35
      60       3      35      42      43
      61       3      44      35      43
      62       3      36      35      44
      63       3      44      45      36
      64       3      36      45      37
      65       3      37      45      46
      66       3      47      37      46
      67       3      38      37      47
      68       3      47      48      38
      69       3      39      38      48
      70       3      39      48      49
      71       3      50      39      49
      72       3      40      39      50
      73       3      50      51      40
      74       3      52      42      41
      75       3      52      53      42
      76       3      53      43      42
      77       3      53      54      43
      78       3      43      54      55
      79       3      43      55      44
      80       3      55      45      44
      81       3      55      56      45
      82       3      56      46      45
      83       3      57      46      56
      84       3      46      57      58
      85       3      46      58      47
      86       3      58      48      47
      87       3      48      58      59
      88       3      49      48      59
      89       3      59      60      49
      90       3      49      60      61
      91       3      49      61      50
      92       3      61      51      50
      93       3      62      53      52
      94       3      62      63      53
      95       3      63      64      53
      96       3      53      64      54
      97       3      64      65      54
      98       3      55      54      65
      99       3      56      55      65
     100       3      65      66      56
     101       3      66      67      56
     102       3      57      56      67
     103       3      68      57      67
     104       3      58      57      68
     105       3      59      58      68
     106       3      59      68      69
     107       3      70      59      69
     108       3      59      70      60
     109       3      71      63      62
     110       3      63      71      72
     111       3      73      63      72
     112       3      74      63      73
     113       3      74      64      63
     114       3      64      74      65
     115       3      74      75      65
     116       3      75      66      65
     117       3      75      76      66
     118       3      76      77      66
     119       3      78      66      77
     120       3      78      67      66
     121       3      68      67      78
     122       3      78      79      68
     123       3      79      69      68
     124       3      69      79      80
     125       3      81      69      80
     126       3      82      69      81
     127       3      82      70      69
     128       3      71      83      84
     129       3      72      71      84
     130       3      84      85      72
     131       3      72      85      86
     132       3      72      86      73
     133       3      75      73      86
     134       3      75      74      73
     135       3      75      86      87
     136       3      76      75      87
     137       3      88      76      87
     138       3      76      88      89
     139       3      76      89      77
     140       3      77      89      79
     141       3      77      79      78
     142       3      79      89      90
     143       3      80      79      90
     144       3      91      80      90
     145       3      92      80      91
     146       3      92      81      80
     147       3      93      84      83
     148       3      93      94      84
     149       3      94      95      84
     150       3      84      95      85
     151       3      96      85      95
     152       3      86      85      96
     153       3      87      86      96
     154       3      96      97      87
     155       3      97      98      87
     156       3      88      87      98
     157       3      99      88      98
     158       3      88      99      89
     159       3      99      90      89
     160       3      99     100      90
     161       3     100     101      90
     162       3      91      90     101
     163       3     101     102      91
     164       3      92      91     102
     165       3      94      93     103
     166       3      94     103     104
     167       3     104     105      94
     168       3      95      94     105
     169       3     106      95     105
     170       3      96      95     106
     171       3      97      96     106
     172       3      97     106     107
     173       3     108      97     107
     174       3      97     108      98
     175       3     108     109      98
     176       3      99      98     109
     177       3     100      99     109
     178       3     100     109     110
     179       3     100     110     111
     180       3     112     100     111
     181       3     100     112     101
     182       3     112     113     101
     183       3     101     113     102
     184       3     114     104     103
     185       3     104     114     115
     186       3     116     104     115
     187       3     104     116     105
     188       3     117     105     116
     189       3     106     105     117
     190       3     107     106     117
     191       3     117     118     107
     192       3     118     119     107
     193       3     108     107     119
     194       3     119     120     108
     195       3     110     108     120
     196       3     110     109     108
     197       3     120     121     110
     198       3     121     111     110
     199       3     121     122     111
     200       3     123     111     122
     201       3     123     112     111
     202       3     112     123     113
     203       3     116     115     124
     204       3     125     116     124
     205       3     117     116     125
     206       3     118     117     125
     207       3     118     125     126
     208       3     118     126     127
     209       3     128     118     127
     210       3     118     128     119
     211       3     120     119     128
     212       3     129     120     128
     213       3     121     120     129
     214       3     121     129     130
     215       3     131     121     130
     216       3     131     122     121
     217       3     126     125     124
     218       3     128     127     132
     219       3     128     132     129
     220       3     132     133     129
     221       3     133     130     129
 1                    ! Number of open boundaries                               
 8                   ! Total number of open boundary nodes                      
 8                   ! Number of nodes for open boundary 1                      
           8
           7
           6
           5
           4
           3
           2
           1
 0 = Number of land boundaries                                                  
 0 = Total number of land boundary nodes                                        
