 Shinacock Inlet Coarse Grid                                                    
     213     132
       1     -0.725846670225E+02      0.407564488250E+02      0.264898109436E+02
       2     -0.725515945018E+02      0.407510443717E+02      0.292869110107E+02
       3     -0.725587843722E+02      0.407502372340E+02      0.291681900024E+02
       4     -0.725649468242E+02      0.407515902682E+02      0.287522602081E+02
       5     -0.725715082490E+02      0.407537016250E+02      0.274640197754E+02
       6     -0.725777371837E+02      0.407582599306E+02      0.259668731689E+02
       7     -0.725821207557E+02      0.407650641971E+02      0.247767486572E+02
       8     -0.725883986186E+02      0.407629128203E+02      0.251441402435E+02
       9     -0.725889232584E+02      0.407695069578E+02      0.231807289124E+02
      10     -0.725896317346E+02      0.407763867448E+02      0.216649532318E+02
      11     -0.725245788940E+02      0.407448485025E+02      0.302271156311E+02
      12     -0.725295574867E+02      0.407474499987E+02      0.297863674164E+02
      13     -0.725377809150E+02      0.407536565491E+02      0.290936813354E+02
      14     -0.725447926637E+02      0.407549329076E+02      0.290377540588E+02
      15     -0.725512367055E+02      0.407588169369E+02      0.281617813110E+02
      16     -0.725582599715E+02      0.407571864693E+02      0.282506694794E+02
      17     -0.725658404542E+02      0.407585851839E+02      0.273449325562E+02
      18     -0.725716523141E+02      0.407601110930E+02      0.260916347504E+02
      19     -0.725754315985E+02      0.407641906840E+02      0.251141567230E+02
      20     -0.725760473676E+02      0.407700905649E+02      0.210237808228E+02
      21     -0.725828517818E+02      0.407732967451E+02      0.184677677155E+02
      22     -0.725837768272E+02      0.407815140716E+02      0.199862251282E+02
      23     -0.725908350905E+02      0.407823118850E+02      0.193465194702E+02
      24     -0.725961145799E+02      0.407861915755E+02      0.173559856415E+02
      25     -0.726015114347E+02      0.407916088496E+02      0.136242103577E+02
      26     -0.725174379445E+02      0.407472066548E+02      0.302571220398E+02
      27     -0.725241138011E+02      0.407526818384E+02      0.294028072357E+02
      28     -0.725314073994E+02      0.407524335758E+02      0.292613449097E+02
      29     -0.725303970361E+02      0.407588903876E+02      0.285542049408E+02
      30     -0.725385636190E+02      0.407602810896E+02      0.284100589752E+02
      31     -0.725448847442E+02      0.407611842007E+02      0.281170310974E+02
      32     -0.725489160426E+02      0.407649694919E+02      0.269357223511E+02
      33     -0.725557509496E+02      0.407656859200E+02      0.264789943695E+02
      34     -0.725620996557E+02      0.407635461879E+02      0.269505863190E+02
      35     -0.725688432993E+02      0.407661344005E+02      0.259917049408E+02
      36     -0.725697013594E+02      0.407733040178E+02      0.234748592377E+02
      37     -0.725768813670E+02      0.407769995542E+02      0.186351890564E+02
      38     -0.725772258749E+02      0.407837992637E+02      0.200068187714E+02
      39     -0.725821626431E+02      0.407899591507E+02      0.167811336517E+02
      40     -0.725887580041E+02      0.407878474169E+02      0.172747802734E+02
      41     -0.725943141009E+02      0.407913976819E+02      0.149924678802E+02
      42     -0.725964953273E+02      0.407963499974E+02      0.119056787491E+02
      43     -0.726030511429E+02      0.407984793322E+02      0.925428867340E+01
      44     -0.725116918391E+02      0.407517901798E+02      0.300181369781E+02
      45     -0.725168552029E+02      0.407551970331E+02      0.294834766388E+02
      46     -0.725222465145E+02      0.407602620403E+02      0.287896270752E+02
      47     -0.725262880839E+02      0.407659007834E+02      0.281794338226E+02
      48     -0.725341857323E+02      0.407655655757E+02      0.278996219635E+02
      49     -0.725421019751E+02      0.407673451613E+02      0.260762901306E+02
      50     -0.725497540577E+02      0.407708691923E+02      0.246925125122E+02
      51     -0.725566971930E+02      0.407739444879E+02      0.246837882996E+02
      52     -0.725626552867E+02      0.407701377473E+02      0.254612503052E+02
      53     -0.725635355753E+02      0.407772389129E+02      0.233660259247E+02
      54     -0.725706306287E+02      0.407798573767E+02      0.220183620453E+02
      55     -0.725713170248E+02      0.407857035947E+02      0.202669048309E+02
      56     -0.725753912378E+02      0.407896953122E+02      0.184148139954E+02
      57     -0.725762130005E+02      0.407959381632E+02      0.150310983658E+02
      58     -0.725829830440E+02      0.407970288466E+02      0.135550289154E+02
      59     -0.725890404579E+02      0.407951400494E+02      0.133581399918E+02
      60     -0.725932239155E+02      0.408016480690E+02      0.905307579040E+01
      61     -0.725990309155E+02      0.408011454793E+02      0.823432254790E+01
      62     -0.726039042855E+02      0.408046608424E+02      0.129607319830E+01
      63     -0.726086743152E+02      0.408034643214E+02      0.134058475490E+01
      64     -0.725088187199E+02      0.407585648729E+02      0.295934543610E+02
      65     -0.725152612711E+02      0.407616161088E+02      0.292568492889E+02
      66     -0.725183410074E+02      0.407677224497E+02      0.287198467255E+02
      67     -0.725240743725E+02      0.407735157481E+02      0.274816780090E+02
      68     -0.725304242040E+02      0.407707883595E+02      0.274213390350E+02
      69     -0.725369175900E+02      0.407722682994E+02      0.235127658844E+02
      70     -0.725437581926E+02      0.407745559476E+02      0.193851184845E+02
      71     -0.725508652612E+02      0.407778093045E+02      0.239396553040E+02
      72     -0.725577599438E+02      0.407821254566E+02      0.219859580994E+02
      73     -0.725653268196E+02      0.407839471606E+02      0.215207996368E+02
      74     -0.725688098090E+02      0.407912846563E+02      0.183904037476E+02
      75     -0.725688673471E+02      0.407979272708E+02      0.152705860138E+02
      76     -0.725743229713E+02      0.408022100389E+02      0.124172792435E+02
      77     -0.725811536838E+02      0.408032106447E+02      0.894650173190E+01
      78     -0.725872763321E+02      0.408022945867E+02      0.883121299740E+01
      79     -0.725909190000E+02      0.408082930000E+02      0.167188692090E+01
      80     -0.725951920000E+02      0.408071120000E+02      0.177577137950E+01
      81     -0.725993429446E+02      0.408056045415E+02      0.174084353450E+01
      82     -0.725314377927E+02      0.407768263694E+02      0.248936958313E+02
      83     -0.725379719903E+02      0.407791053600E+02      0.180365085602E+02
      84     -0.725447806126E+02      0.407810590931E+02      0.207479209900E+02
      85     -0.725511769686E+02      0.407845472670E+02      0.219501419067E+02
      86     -0.725558175003E+02      0.407904274824E+02      0.194835414886E+02
      87     -0.725619221143E+02      0.407884542140E+02      0.195746212006E+02
      88     -0.725626131351E+02      0.407947178864E+02      0.176118106842E+02
      89     -0.725625825601E+02      0.408020523007E+02      0.141328315735E+02
      90     -0.725687589048E+02      0.408037322409E+02      0.122225351334E+02
      91     -0.725724332800E+02      0.408084566021E+02      0.668534231190E+01
      92     -0.725776868407E+02      0.408071344274E+02      0.662225770950E+01
      93     -0.725824950000E+02      0.408110540000E+02      0.141313230990E+01
      94     -0.725866920000E+02      0.408096290000E+02      0.162243819240E+01
      95     -0.725323077842E+02      0.407842741130E+02      0.208822593689E+02
      96     -0.725395629675E+02      0.407855671237E+02      0.163909530640E+02
      97     -0.725453566599E+02      0.407868268014E+02      0.201093730927E+02
      98     -0.725492890350E+02      0.407904911637E+02      0.199423465729E+02
      99     -0.725504278329E+02      0.407965064683E+02      0.181724147797E+02
     100     -0.725571790522E+02      0.407974272497E+02      0.171714534760E+02
     101     -0.725553589627E+02      0.408036573712E+02      0.141662626266E+02
     102     -0.725610188269E+02      0.408090605732E+02      0.881870460510E+01
     103     -0.725664015048E+02      0.408087075259E+02      0.771398067470E+01
     104     -0.725696060000E+02      0.408143300000E+02      0.142390096190E+01
     105     -0.725739120000E+02      0.408132750000E+02      0.144114553930E+01
     106     -0.725782140000E+02      0.408122060000E+02      0.163677811620E+01
     107     -0.725360358754E+02      0.407902778542E+02      0.161780891418E+02
     108     -0.725427669756E+02      0.407925812056E+02      0.170680141449E+02
     109     -0.725434053117E+02      0.407988989359E+02      0.180228977203E+02
     110     -0.725487942778E+02      0.408023900886E+02      0.160977325439E+02
     111     -0.725500304121E+02      0.408082443036E+02      0.132636518478E+02
     112     -0.725562143290E+02      0.408108334088E+02      0.858948326110E+01
     113     -0.725610200000E+02      0.408165330000E+02      0.108731651310E+01
     114     -0.725653290000E+02      0.408154950000E+02      0.131452918050E+01
     115     -0.725362078196E+02      0.407967505376E+02      0.185014228821E+02
     116     -0.725386678619E+02      0.408027990393E+02      0.170681648254E+02
     117     -0.725437491244E+02      0.408053525867E+02      0.153679094315E+02
     118     -0.725441608764E+02      0.408105506643E+02      0.127286291122E+02
     119     -0.725479332377E+02      0.408143225531E+02      0.749250602720E+01
     120     -0.725525806799E+02      0.408136139457E+02      0.744488334660E+01
     121     -0.725566680000E+02      0.408173770000E+02      0.177443242070E+01
     122     -0.725329392864E+02      0.408038701037E+02      0.174310379028E+02
     123     -0.725378675841E+02      0.408094006479E+02      0.143700513840E+02
     124     -0.725420809268E+02      0.408158061018E+02      0.745782423020E+01
     125     -0.725481630000E+02      0.408198720000E+02      0.158232212070E+01
     126     -0.725524130000E+02      0.408186150000E+02      0.180731499200E+01
     127     -0.725307237913E+02      0.408104188774E+02      0.146832551956E+02
     128     -0.725361772431E+02      0.408160285499E+02      0.896628856660E+01
     129     -0.725396310000E+02      0.408222740000E+02      0.175918257240E+01
     130     -0.725438650000E+02      0.408209620000E+02      0.173518836500E+01
     131     -0.725312779152E+02      0.408171536222E+02      0.871262454990E+01
     132     -0.725354120000E+02      0.408236350000E+02      0.149313664440E+01
       1       3       7       1       6
       2       3       7       8       1
       3       3       2      14      15
       4       3       2      15      16
       5       3       3       2      16
       6       3       4       3      16
       7       3       4      16      17
       8       3       5       4      17
       9       3       5      17      18
      10       3       5      18       6
      11       3      19       6      18
      12       3      19       7       6
      13       3       7      19      20
      14       3       7      20      21
      15       3       9       7      21
      16       3       8       7       9
      17       3      21      10       9
      18       3      10      21      22
      19       3      10      22      23
      20       3      11      26      27
      21       3      27      12      11
      22       3      27      28      12
      23       3      13      28      29
      24       3      13      29      30
      25       3      14      13      30
      26       3      14      30      31
      27       3      14      31      15
      28       3      15      31      32
      29       3      15      32      33
      30       3      16      15      33
      31       3      33      34      16
      32       3      34      17      16
      33       3      34      35      17
      34       3      35      18      17
      35       3      35      19      18
      36       3      19      35      20
      37       3      35      36      20
      38       3      20      36      37
      39       3      37      21      20
      40       3      21      37      22
      41       3      37      38      22
      42       3      39      22      38
      43       3      22      39      40
      44       3      23      22      40
      45       3      24      23      40
      46       3      24      40      41
      47       3      24      41      25
      48       3      42      25      41
      49       3      42      43      25
      50       3      26      44      45
      51       3      26      45      27
      52       3      27      45      46
      53       3      46      29      27
      54       3      29      28      27
      55       3      47      29      46
      56       3      47      48      29
      57       3      48      30      29
      58       3      49      30      48
      59       3      49      31      30
      60       3      31      49      32
      61       3      50      32      49
      62       3      50      33      32
      63       3      33      50      51
      64       3      52      33      51
      65       3      34      33      52
      66       3      35      34      52
      67       3      35      52      36
      68       3      53      36      52
      69       3      53      54      36
      70       3      36      54      37
      71       3      38      37      54
      72       3      55      38      54
      73       3      56      38      55
      74       3      56      39      38
      75       3      39      56      57
      76       3      39      57      58
      77       3      58      59      39
      78       3      59      40      39
      79       3      41      40      59
      80       3      41      59      42
      81       3      42      59      60
      82       3      60      61      42
      83       3      61      43      42
      84       3      62      43      61
      85       3      62      63      43
      86       3      64      45      44
      87       3      64      65      45
      88       3      45      65      46
      89       3      46      65      66
      90       3      46      66      47
      91       3      47      66      67
      92       3      67      68      47
      93       3      68      48      47
      94       3      48      68      69
      95       3      49      48      69
      96       3      49      69      70
      97       3      70      50      49
      98       3      71      50      70
      99       3      50      71      51
     100       3      72      51      71
     101       3      53      51      72
     102       3      52      51      53
     103       3      53      72      73
     104       3      54      53      73
     105       3      54      73      55
     106       3      55      73      74
     107       3      74      56      55
     108       3      56      74      57
     109       3      74      75      57
     110       3      76      57      75
     111       3      57      76      77
     112       3      58      57      77
     113       3      58      77      78
     114       3      59      58      78
     115       3      59      78      60
     116       3      60      78      79
     117       3      79      80      60
     118       3      81      60      80
     119       3      61      60      81
     120       3      62      61      81
     121       3      82      68      67
     122       3      82      69      68
     123       3      82      83      69
     124       3      70      69      83
     125       3      70      83      84
     126       3      84      71      70
     127       3      71      84      85
     128       3      85      72      71
     129       3      86      72      85
     130       3      86      87      72
     131       3      87      73      72
     132       3      73      87      74
     133       3      88      74      87
     134       3      88      75      74
     135       3      75      88      89
     136       3      75      89      90
     137       3      90      76      75
     138       3      91      76      90
     139       3      92      76      91
     140       3      76      92      77
     141       3      77      92      93
     142       3      94      77      93
     143       3      78      77      94
     144       3      79      78      94
     145       3      83      82      95
     146       3      83      95      96
     147       3      84      83      96
     148       3      84      96      97
     149       3      84      97      85
     150       3      98      85      97
     151       3      98      86      85
     152       3      86      98      99
     153       3      86      99     100
     154       3      86     100      88
     155       3      87      86      88
     156       3      89      88     100
     157       3     101      89     100
     158       3      89     101     102
     159       3      89     102     103
     160       3      90      89     103
     161       3     103      91      90
     162       3     103     104      91
     163       3     104     105      91
     164       3      91     105     106
     165       3     106      92      91
     166       3      93      92     106
     167       3     107      96      95
     168       3      96     107     108
     169       3      97      96     108
     170       3     108      98      97
     171       3      98     108      99
     172       3     108     109      99
     173       3      99     109     110
     174       3     110     101      99
     175       3     101     100      99
     176       3     110     111     101
     177       3     101     111     112
     178       3     101     112     102
     179       3     102     112     113
     180       3     102     113     114
     181       3     114     103     102
     182       3     103     114     104
     183       3     115     108     107
     184       3     115     109     108
     185       3     116     109     115
     186       3     116     117     109
     187       3     109     117     110
     188       3     111     110     117
     189       3     118     111     117
     190       3     119     111     118
     191       3     119     120     111
     192       3     120     112     111
     193       3     120     121     112
     194       3     112     121     113
     195       3     122     116     115
     196       3     123     116     122
     197       3     123     117     116
     198       3     123     118     117
     199       3     118     123     124
     200       3     124     119     118
     201       3     119     124     125
     202       3     125     126     119
     203       3     120     119     126
     204       3     121     120     126
     205       3     127     123     122
     206       3     128     123     127
     207       3     123     128     124
     208       3     124     128     129
     209       3     124     129     130
     210       3     130     125     124
     211       3     131     128     127
     212       3     128     131     132
     213       3     129     128     132
 0                    ! Number of open boundaries                               
 0                   ! Total number of open boundary nodes                      
 1 = Number of land boundaries                                                  
 18 = Total number of land boundary nodes                                       
      18       0  = Number of nodes for land boundary 1                         
     132
     129
     130
     125
     126
     121
     113
     114
     104
     105
     106
      93
      94
      79
      80
      81
      62
      63
