RES NODE          10          99
                   7          15          16          17          18          19
                  20          21          22          27          29          30
                  31          32          33          34          35          36
                  37          38          39          40          41          42
                  45          46          47          48          49          50
                  51          52          53          54          55          56
                  57          58          59          60          61          62
                  68          69          70          71          72          73
                  74          75          76          77          78          79
                  80          81          83          84          85          86
                  87          88          89          90          91          92
                  93          94          96          97          98          99
                 100         101         102         103         104         105
                 106         108         109         110         111         112
                 113         114         116         117         118         119
                 120         121         123         124         125         126
                 128         129         130
COMM PE            4
RECV PE            6           8
                   8           9          10          23          24          25
                  43          63
RECV PE            8           3
                  11          26          44
RECV PE           11          10
                   1           2           3           4           5           6
                  12          13          14          28
RECV PE           14          12
                  64          65          66          67          82          95
                 107         115         122         127         131         132
SEND PE            6           8
                   7          21          22          40          41          42
                  61          62
SEND PE            8           2
                  27          45
SEND PE           11          10
                   7          15          16          17          18          19
                  27          29          30          31
SEND PE           14          13
                  45          46          47          68          69          83
                  96         108         109         116         123         128
                 129
