 Shinacock Inlet Coarse Grid                                                    
     199     124
       1     -0.724773623956E+02      0.408384902060E+02      0.640818931690E+01
       2     -0.724757460916E+02      0.408392001119E+02      0.596525183680E+01
       3     -0.724765529250E+02      0.408391396261E+02      0.617521398740E+01
       4     -0.724770451038E+02      0.408397875990E+02      0.611257426180E+01
       5     -0.724777111162E+02      0.408395477852E+02      0.344829583170E+01
       6     -0.724748425718E+02      0.408402388194E+02      0.135492885110E+01
       7     -0.724756789746E+02      0.408407967524E+02      0.523621799060E+01
       8     -0.724763457929E+02      0.408403959745E+02      0.941615486150E+01
       9     -0.724770315742E+02      0.408408684609E+02      0.438887177190E+01
      10     -0.724777123201E+02      0.408401528589E+02      0.182344196280E+01
      11     -0.724748989691E+02      0.408410208945E+02      0.349481824800E+00
      12     -0.724755554062E+02      0.408420684102E+02      0.451768109300E+01
      13     -0.724764378745E+02      0.408419806669E+02      0.892762088780E+01
      14     -0.724771967521E+02      0.408417190877E+02      0.421382702360E+01
      15     -0.724777728341E+02      0.408412421118E+02      0.337091602600E+00
      16     -0.724777417025E+02      0.408406817421E+02      0.271278768800E+00
      17     -0.724749656409E+02      0.408419454488E+02     -0.949204087300E+00
      18     -0.724749882709E+02      0.408434035357E+02      0.549993699120E+01
      19     -0.724759082451E+02      0.408431408430E+02      0.999200344090E+01
      20     -0.724767347278E+02      0.408437248191E+02      0.979621791840E+01
      21     -0.724773235411E+02      0.408426360098E+02      0.406476997320E+01
      22     -0.724778021010E+02      0.408417689161E+02      0.384336978200E+00
      23     -0.724744349054E+02      0.408426884785E+02      0.414281463000E-01
      24     -0.724739174899E+02      0.408434128605E+02      0.811648368800E+00
      25     -0.724744982475E+02      0.408448287782E+02      0.353319025040E+01
      26     -0.724756490848E+02      0.408444810273E+02      0.764333868030E+01
      27     -0.724765421973E+02      0.408453761360E+02      0.496033811570E+01
      28     -0.724776121900E+02      0.408447499189E+02      0.808931064610E+01
      29     -0.724777735453E+02      0.408435203550E+02      0.509231056070E+01
      30     -0.724782852895E+02      0.408426144959E+02     -0.108334636690E+01
      31     -0.724780493280E+02      0.408422015633E+02     -0.248005407600E+00
      32     -0.724734778600E+02      0.408447910370E+02      0.221021815420E+01
      33     -0.724732191710E+02      0.408436879558E+02      0.698937488500E+00
      34     -0.724738198362E+02      0.408464897865E+02      0.296667361260E+01
      35     -0.724752562067E+02      0.408460455726E+02      0.352001905440E+01
      36     -0.724763678488E+02      0.408470334665E+02      0.292076849940E+01
      37     -0.724777020105E+02      0.408462448702E+02      0.404946565630E+01
      38     -0.724787541278E+02      0.408453934715E+02      0.494644498830E+01
      39     -0.724784835540E+02      0.408441831200E+02      0.572778877670E+01
      40     -0.724786340548E+02      0.408430922739E+02      0.134679894050E+01
      41     -0.724725339305E+02      0.408439578990E+02      0.422035068300E+00
      42     -0.724725996394E+02      0.408453766114E+02      0.180203767320E+01
      43     -0.724723661859E+02      0.408469264290E+02      0.321540498730E+01
      44     -0.724736087920E+02      0.408485859757E+02      0.145829117300E+01
      45     -0.724749761370E+02      0.408477689650E+02      0.245373630520E+01
      46     -0.724761706030E+02      0.408488534063E+02      0.188656437400E+01
      47     -0.724776313369E+02      0.408478468237E+02      0.218262505530E+01
      48     -0.724791828357E+02      0.408469981620E+02      0.261280345920E+01
      49     -0.724800521999E+02      0.408453970255E+02      0.340118312840E+01
      50     -0.724794658861E+02      0.408443200954E+02      0.355588677250E+01
      51     -0.724790042424E+02      0.408435993982E+02      0.359186053280E+01
      52     -0.724718893714E+02      0.408442168548E+02      0.730306883000E+00
      53     -0.724712251376E+02      0.408444837151E+02      0.979021608800E+00
      54     -0.724710384158E+02      0.408472016553E+02      0.265434694290E+01
      55     -0.724722839990E+02      0.408492387816E+02      0.132562637330E+01
      56     -0.724736414968E+02      0.408511501727E+02      0.944184839700E+00
      57     -0.724748504924E+02      0.408496388393E+02      0.967938959600E+00
      58     -0.724759359541E+02      0.408510939184E+02      0.100572955610E+01
      59     -0.724772709717E+02      0.408495497558E+02      0.149703478810E+01
      60     -0.724787496121E+02      0.408489563525E+02      0.150791740420E+01
      61     -0.724803297674E+02      0.408483843924E+02      0.119814109800E+01
      62     -0.724808951689E+02      0.408467058941E+02      0.344586682320E+01
      63     -0.724814349965E+02      0.408449742202E+02      0.342338013650E+01
      64     -0.724805397412E+02      0.408438381500E+02      0.332099077090E+01
      65     -0.724794883997E+02      0.408431588818E+02      0.328302588400E+01
      66     -0.724699502889E+02      0.408452317668E+02      0.985569536700E+00
      67     -0.724696206130E+02      0.408478913281E+02      0.559814882280E+01
      68     -0.724708692084E+02      0.408497146436E+02      0.112806165220E+01
      69     -0.724720889040E+02      0.408516096910E+02      0.131751966480E+01
      70     -0.724733590120E+02      0.408539363331E+02      0.996930599200E+00
      71     -0.724751815893E+02      0.408531067333E+02      0.107807159420E+01
      72     -0.724771205484E+02      0.408529248182E+02      0.562363147700E+00
      73     -0.724778545394E+02      0.408508995668E+02      0.117885899540E+01
      74     -0.724796264891E+02      0.408504918223E+02      0.965749204200E+00
      75     -0.724812021142E+02      0.408496603025E+02      0.791217088700E+00
      76     -0.724823200513E+02      0.408481593057E+02      0.864187955900E+00
      77     -0.724822873732E+02      0.408462509888E+02      0.289566922190E+01
      78     -0.724831040586E+02      0.408448026436E+02      0.176078069210E+01
      79     -0.724818542139E+02      0.408435193190E+02      0.370070648570E+01
      80     -0.724808635077E+02      0.408424696622E+02      0.385315918110E+01
      81     -0.724800386919E+02      0.408426581925E+02      0.294182419780E+01
      82     -0.724683832524E+02      0.408464315355E+02      0.117524132100E+00
      83     -0.724747047004E+02      0.408564488292E+02      0.256678128240E+01
      84     -0.724765728542E+02      0.408551905419E+02      0.154731011390E+01
      85     -0.724785514049E+02      0.408548555648E+02      0.970051348200E+00
      86     -0.724785563164E+02      0.408522961283E+02      0.639671623700E+00
      87     -0.724797029579E+02      0.408525450831E+02      0.121684181690E+01
      88     -0.724810523946E+02      0.408514048040E+02      0.604510724500E+00
      89     -0.724826677546E+02      0.408502458583E+02      0.249273806800E+00
      90     -0.724843700663E+02      0.408491297804E+02     -0.256172269600E+00
      91     -0.724837511386E+02      0.408469121583E+02      0.304462909700E+01
      92     -0.724847620265E+02      0.408453980224E+02      0.235633111000E+01
      93     -0.724843468591E+02      0.408434214503E+02      0.491206693650E+01
      94     -0.724830189045E+02      0.408431379260E+02      0.414569163210E+01
      95     -0.724823642850E+02      0.408420302213E+02      0.339726616020E+01
      96     -0.724815061033E+02      0.408423227832E+02      0.458568716050E+01
      97     -0.724735498558E+02      0.408598330582E+02      0.292327356340E+01
      98     -0.724773822826E+02      0.408580658738E+02      0.290338683130E+01
      99     -0.724801988621E+02      0.408564600903E+02      0.252230215070E+01
     100     -0.724806478326E+02      0.408538376782E+02      0.456813633400E+00
     101     -0.724823473928E+02      0.408523394586E+02      0.814245939300E+00
     102     -0.724840789066E+02      0.408513744641E+02      0.315412551200E+00
     103     -0.724857124484E+02      0.408509599689E+02      0.111062264440E+01
     104     -0.724866820508E+02      0.408495110175E+02      0.113083159920E+01
     105     -0.724855428411E+02      0.408475218690E+02      0.128185188770E+01
     106     -0.724863593012E+02      0.408460152231E+02      0.110388457780E+01
     107     -0.724860522172E+02      0.408440756190E+02      0.175283026700E+01
     108     -0.724851760000E+02      0.408417069998E+02      0.342795562740E+01
     109     -0.724833508492E+02      0.408416938926E+02      0.195337462430E+01
     110     -0.724733808958E+02      0.408638121544E+02      0.280584836010E+01
     111     -0.724773521938E+02      0.408613721827E+02      0.293182730670E+01
     112     -0.724811619047E+02      0.408591994970E+02      0.282551693920E+01
     113     -0.724825887089E+02      0.408567071838E+02      0.277020931240E+01
     114     -0.724822508117E+02      0.408546457064E+02      0.217406201360E+01
     115     -0.724837577064E+02      0.408532144431E+02      0.130454766750E+01
     116     -0.724855731565E+02      0.408529540867E+02      0.198259544370E+01
     117     -0.724876298939E+02      0.408520152340E+02      0.201805162430E+01
     118     -0.724875689415E+02      0.408476944158E+02      0.165138077740E+01
     119     -0.724784640358E+02      0.408648264667E+02      0.272775506970E+01
     120     -0.724814302263E+02      0.408621350039E+02      0.282112169270E+01
     121     -0.724851891645E+02      0.408604152956E+02      0.275703215600E+01
     122     -0.724849865325E+02      0.408575745777E+02      0.290464758870E+01
     123     -0.724844477231E+02      0.408551045752E+02      0.263192677500E+01
     124     -0.724868255357E+02      0.408550490028E+02      0.267104101180E+01
       1       3       1       3       4
       2       3       5       1       4
       3       3       7       2       6
       4       3       7       8       2
       5       3       3       2       8
       6       3       3       8       4
       7       3       4       8       9
       8       3       4       9      10
       9       3       5       4      10
      10       3      11       7       6
      11       3      12       7      11
      12       3      13       7      12
      13       3      13       8       7
      14       3       9       8      13
      15       3       9      13      14
      16       3      14      15       9
      17       3      16       9      15
      18       3      10       9      16
      19       3      12      11      17
      20       3      17      18      12
      21       3      18      19      12
      22       3      12      19      13
      23       3      13      19      20
      24       3      13      20      21
      25       3      13      21      14
      26       3      14      21      22
      27       3      22      15      14
      28       3      23      18      17
      29       3      23      24      18
      30       3      25      18      24
      31       3      26      18      25
      32       3      26      19      18
      33       3      26      20      19
      34       3      26      27      20
      35       3      20      27      28
      36       3      28      29      20
      37       3      20      29      21
      38       3      21      29      30
      39       3      21      30      31
      40       3      22      21      31
      41       3      32      24      33
      42       3      32      25      24
      43       3      34      25      32
      44       3      25      34      35
      45       3      26      25      35
      46       3      26      35      27
      47       3      36      27      35
      48       3      37      27      36
      49       3      37      28      27
      50       3      37      38      28
      51       3      39      28      38
      52       3      28      39      29
      53       3      39      40      29
      54       3      29      40      30
      55       3      41      32      33
      56       3      42      32      41
      57       3      42      34      32
      58       3      42      43      34
      59       3      34      43      44
      60       3      45      34      44
      61       3      45      35      34
      62       3      45      36      35
      63       3      45      46      36
      64       3      46      47      36
      65       3      37      36      47
      66       3      37      47      48
      67       3      37      48      38
      68       3      48      49      38
      69       3      50      38      49
      70       3      39      38      50
      71       3      51      39      50
      72       3      39      51      40
      73       3      41      52      42
      74       3      52      53      42
      75       3      42      53      43
      76       3      53      54      43
      77       3      55      43      54
      78       3      55      44      43
      79       3      55      56      44
      80       3      57      44      56
      81       3      45      44      57
      82       3      45      57      46
      83       3      46      57      58
      84       3      59      46      58
      85       3      59      47      46
      86       3      59      60      47
      87       3      47      60      48
      88       3      61      48      60
      89       3      62      48      61
      90       3      62      49      48
      91       3      62      63      49
      92       3      49      63      64
      93       3      50      49      64
      94       3      50      64      65
      95       3      51      50      65
      96       3      66      54      53
      97       3      66      67      54
      98       3      54      67      68
      99       3      55      54      68
     100       3      55      68      69
     101       3      55      69      56
     102       3      70      56      69
     103       3      71      56      70
     104       3      71      58      56
     105       3      58      57      56
     106       3      71      72      58
     107       3      58      72      73
     108       3      59      58      73
     109       3      59      73      60
     110       3      60      73      74
     111       3      61      60      74
     112       3      61      74      75
     113       3      61      75      76
     114       3      62      61      76
     115       3      62      76      77
     116       3      62      77      63
     117       3      78      63      77
     118       3      79      63      78
     119       3      64      63      79
     120       3      80      64      79
     121       3      64      80      81
     122       3      65      64      81
     123       3      66      82      67
     124       3      71      70      83
     125       3      83      84      71
     126       3      71      84      72
     127       3      72      84      85
     128       3      86      72      85
     129       3      86      73      72
     130       3      86      74      73
     131       3      86      87      74
     132       3      88      74      87
     133       3      74      88      75
     134       3      88      89      75
     135       3      75      89      76
     136       3      90      76      89
     137       3      91      76      90
     138       3      91      77      76
     139       3      91      78      77
     140       3      91      92      78
     141       3      93      78      92
     142       3      78      93      94
     143       3      78      94      79
     144       3      79      94      95
     145       3      96      79      95
     146       3      96      80      79
     147       3      97      98      83
     148       3      83      98      84
     149       3      84      98      85
     150       3      99      85      98
     151       3      99     100      85
     152       3     100      87      85
     153       3      86      85      87
     154       3      88      87     100
     155       3      88     100     101
     156       3      88     101      89
     157       3     102      89     101
     158       3      89     102      90
     159       3     102     103      90
     160       3     103     104      90
     161       3      90     104     105
     162       3      91      90     105
     163       3      91     105      92
     164       3     105     106      92
     165       3     106     107      92
     166       3     107      93      92
     167       3     108      93     107
     168       3     109      93     108
     169       3      94      93     109
     170       3      95      94     109
     171       3     110     111      97
     172       3     111      98      97
     173       3      98     111     112
     174       3      99      98     112
     175       3      99     112     113
     176       3      99     113     114
     177       3      99     114     100
     178       3     114     101     100
     179       3     115     101     114
     180       3     115     102     101
     181       3     115     116     102
     182       3     102     116     103
     183       3     117     103     116
     184       3     104     103     117
     185       3     104     118     105
     186       3     106     105     118
     187       3     119     111     110
     188       3     119     120     111
     189       3     112     111     120
     190       3     112     120     121
     191       3     122     112     121
     192       3     113     112     122
     193       3     113     122     123
     194       3     114     113     123
     195       3     123     115     114
     196       3     115     123     116
     197       3     124     116     123
     198       3     124     117     116
     199       3     124     123     122
 0                    ! Number of open boundaries                               
 0                   ! Total number of open boundary nodes                      
 1 = Number of land boundaries                                                  
 27 = Total number of land boundary nodes                                       
      27       0  = Number of nodes for land boundary 1                         
       6
      11
      17
      23
      24
      33
      41
      52
      53
      66
      82
     108
     109
      95
      96
      80
      81
      65
      51
      40
      30
      31
      22
      15
      16
      10
       5
