 Shinacock Inlet Coarse Grid                                                    
     206     124
       1     -0.724302884793E+02      0.408142237078E+02      0.250338325500E+02
       2     -0.724341409937E+02      0.408092766547E+02      0.255534057617E+02
       3     -0.724306113426E+02      0.408207721053E+02      0.225217094421E+02
       4     -0.724363047938E+02      0.408162744492E+02      0.237073078156E+02
       5     -0.724395709175E+02      0.408104947895E+02      0.247693138123E+02
       6     -0.724404228961E+02      0.408043050961E+02      0.264366931915E+02
       7     -0.724476625873E+02      0.408031778855E+02      0.262640609741E+02
       8     -0.724316464521E+02      0.408279780544E+02      0.197814884186E+02
       9     -0.724366546469E+02      0.408231984721E+02      0.207404308319E+02
      10     -0.724422406717E+02      0.408192835331E+02      0.218969058990E+02
      11     -0.724425762418E+02      0.408141989437E+02      0.236310272217E+02
      12     -0.724453859587E+02      0.408090453711E+02      0.248854084015E+02
      13     -0.724517044540E+02      0.408084854645E+02      0.249287281036E+02
      14     -0.724539601451E+02      0.408032860747E+02      0.260144405365E+02
      15     -0.724590368510E+02      0.408000327167E+02      0.258981246948E+02
      16     -0.724342822789E+02      0.408348152050E+02      0.177716617584E+02
      17     -0.724379574542E+02      0.408298405917E+02      0.178870601654E+02
      18     -0.724423366549E+02      0.408251592028E+02      0.197074432373E+02
      19     -0.724474980459E+02      0.408212352274E+02      0.201418399811E+02
      20     -0.724486144694E+02      0.408148363901E+02      0.227980670929E+02
      21     -0.724553754175E+02      0.408125348298E+02      0.236407794952E+02
      22     -0.724591763520E+02      0.408065847054E+02      0.250483741760E+02
      23     -0.724652050913E+02      0.408022661891E+02      0.254970302582E+02
      24     -0.724379671073E+02      0.408412071863E+02      0.136234798431E+02
      25     -0.724414090055E+02      0.408362913354E+02      0.149857530594E+02
      26     -0.724432588861E+02      0.408306913423E+02      0.173392829895E+02
      27     -0.724472724342E+02      0.408273297215E+02      0.177697544098E+02
      28     -0.724513001680E+02      0.408239550664E+02      0.187599887848E+02
      29     -0.724535662909E+02      0.408187097870E+02      0.208065452576E+02
      30     -0.724587821675E+02      0.408158567184E+02      0.222071990967E+02
      31     -0.724619954732E+02      0.408115384787E+02      0.234565429688E+02
      32     -0.724664126642E+02      0.408075332279E+02      0.242761287689E+02
      33     -0.724713228794E+02      0.408040372512E+02      0.238484249115E+02
      34     -0.724409017910E+02      0.408470686427E+02      0.739249610900E+01
      35     -0.724447461462E+02      0.408435021654E+02      0.893022060390E+01
      36     -0.724467942846E+02      0.408388364589E+02      0.130409145355E+02
      37     -0.724476946054E+02      0.408334384064E+02      0.154926462173E+02
      38     -0.724519339195E+02      0.408288060857E+02      0.171242866516E+02
      39     -0.724558321243E+02      0.408240958762E+02      0.185796070099E+02
      40     -0.724595415722E+02      0.408200807350E+02      0.205816154480E+02
      41     -0.724640346947E+02      0.408160610641E+02      0.212693901062E+02
      42     -0.724684399822E+02      0.408121318194E+02      0.223458080292E+02
      43     -0.724736528209E+02      0.408082685235E+02      0.230420551300E+02
      44     -0.724428130000E+02      0.408513490000E+02      0.113468492030E+01
      45     -0.724470320000E+02      0.408499880000E+02      0.105619120600E+01
      46     -0.724504421076E+02      0.408431764511E+02      0.758277654650E+01
      47     -0.724512376498E+02      0.408380644855E+02      0.125443029404E+02
      48     -0.724530968148E+02      0.408333961668E+02      0.148131952286E+02
      49     -0.724567697762E+02      0.408289413737E+02      0.165008811951E+02
      50     -0.724610159093E+02      0.408243868930E+02      0.184769783020E+02
      51     -0.724649977029E+02      0.408202929591E+02      0.198546810150E+02
      52     -0.724695200758E+02      0.408166370802E+02      0.202787685394E+02
      53     -0.724744877363E+02      0.408131882773E+02      0.214465293884E+02
      54     -0.724512180000E+02      0.408485260000E+02      0.725241243800E+00
      55     -0.724553100000E+02      0.408468250000E+02      0.365792870500E+00
      56     -0.724548766070E+02      0.408421483276E+02      0.749065065380E+01
      57     -0.724554110535E+02      0.408377379090E+02      0.105711736679E+02
      58     -0.724570951252E+02      0.408337729806E+02      0.141094751358E+02
      59     -0.724599424143E+02      0.408314325903E+02      0.147566127777E+02
      60     -0.724608878966E+02      0.408282306247E+02      0.163842830658E+02
      61     -0.724643311940E+02      0.408269192421E+02      0.163468475342E+02
      62     -0.724664491540E+02      0.408237719854E+02      0.183410091400E+02
      63     -0.724701994653E+02      0.408206794949E+02      0.187889175415E+02
      64     -0.724745858148E+02      0.408178930672E+02      0.190110130310E+02
      65     -0.724593990000E+02      0.408451110000E+02      0.643088221500E+00
      66     -0.724587444981E+02      0.408411703846E+02      0.739314937590E+01
      67     -0.724588025778E+02      0.408373815787E+02      0.992151546480E+01
      68     -0.724604671614E+02      0.408346500983E+02      0.121600790024E+02
      69     -0.724628613379E+02      0.408330511546E+02      0.127541189194E+02
      70     -0.724631846613E+02      0.408301308780E+02      0.146963596344E+02
      71     -0.724662577707E+02      0.408295973239E+02      0.142968072891E+02
      72     -0.724681536750E+02      0.408269439868E+02      0.157804718018E+02
      73     -0.724709067707E+02      0.408241210018E+02      0.172863235474E+02
      74     -0.724747258444E+02      0.408219983317E+02      0.171393070221E+02
      75     -0.724785211477E+02      0.408242871346E+02      0.153862819672E+02
      76     -0.724623954272E+02      0.408416475500E+02      0.544369983670E+01
      77     -0.724626680883E+02      0.408438900771E+02      0.439484179000E+00
      78     -0.724614625294E+02      0.408394288637E+02      0.805026435850E+01
      79     -0.724616615252E+02      0.408370965290E+02      0.948997020720E+01
      80     -0.724635957137E+02      0.408357076168E+02      0.100183467865E+02
      81     -0.724656786083E+02      0.408343688186E+02      0.106911067963E+02
      82     -0.724651672511E+02      0.408319619108E+02      0.129062862396E+02
      83     -0.724674732128E+02      0.408324508932E+02      0.123641014099E+02
      84     -0.724688572711E+02      0.408305275090E+02      0.132683496475E+02
      85     -0.724702346931E+02      0.408289287087E+02      0.138943548203E+02
      86     -0.724715376300E+02      0.408268469190E+02      0.152330389023E+02
      87     -0.724746561013E+02      0.408254995830E+02      0.156179904938E+02
      88     -0.724771015036E+02      0.408273333595E+02      0.145196886063E+02
      89     -0.724655167415E+02      0.408428436340E+02      0.201893353460E+01
      90     -0.724645066084E+02      0.408406189076E+02      0.573650884630E+01
      91     -0.724640988492E+02      0.408382791256E+02      0.822433376310E+01
      92     -0.724663621160E+02      0.408370259843E+02      0.855494594570E+01
      93     -0.724681229064E+02      0.408349820665E+02      0.941520690920E+01
      94     -0.724701553496E+02      0.408333862359E+02      0.912403202060E+01
      95     -0.724712005290E+02      0.408311856859E+02      0.102783346176E+02
      96     -0.724720516785E+02      0.408292929980E+02      0.130073747635E+02
      97     -0.724735435131E+02      0.408281397475E+02      0.137169361115E+02
      98     -0.724753328950E+02      0.408289938029E+02      0.116837329865E+02
      99     -0.724772138842E+02      0.408303790807E+02      0.757108926770E+01
     100     -0.724673770274E+02      0.408421131530E+02      0.279079175000E+01
     101     -0.724665289437E+02      0.408396951766E+02      0.606709861760E+01
     102     -0.724683888269E+02      0.408391249247E+02      0.565410232540E+01
     103     -0.724687063593E+02      0.408371502290E+02      0.781172752380E+01
     104     -0.724704388665E+02      0.408360969098E+02      0.765490531920E+01
     105     -0.724723872246E+02      0.408351527371E+02      0.534658479690E+01
     106     -0.724728113832E+02      0.408329185459E+02      0.630210685730E+01
     107     -0.724735042120E+02      0.408307100435E+02      0.933175659180E+01
     108     -0.724751339525E+02      0.408317845430E+02      0.651098442080E+01
     109     -0.724767775858E+02      0.408331537116E+02      0.553086662290E+01
     110     -0.724688863649E+02      0.408416100405E+02      0.877539277100E+00
     111     -0.724700183680E+02      0.408411069280E+02      0.136408418400E+00
     112     -0.724704619629E+02      0.408386358455E+02      0.424026060100E+01
     113     -0.724723798346E+02      0.408376454996E+02      0.366027116780E+01
     114     -0.724742141877E+02      0.408363714490E+02      0.246558239620E+01
     115     -0.724746651861E+02      0.408342422990E+02      0.432729005810E+01
     116     -0.724763465634E+02      0.408356432369E+02      0.526280450820E+01
     117     -0.724711922972E+02      0.408405618895E+02      0.222260451320E+01
     118     -0.724723243003E+02      0.408401426291E+02      0.220821833610E+01
     119     -0.724736240076E+02      0.408395556645E+02     -0.210105800630E+01
     120     -0.724743626723E+02      0.408381761338E+02      0.530961069300E+00
     121     -0.724748627047E+02      0.408381047373E+02      0.200321102140E+01
     122     -0.724755473169E+02      0.408374692116E+02      0.510944583370E+01
     123     -0.724743223296E+02      0.408391443582E+02     -0.576435838900E+00
     124     -0.724748528982E+02      0.408391442256E+02      0.175613832810E+01
       1       3       3       4       1
       2       3       1       4       2
       3       3       4       5       2
       4       3       6       2       5
       5       3       9       3       8
       6       3       3       9       4
       7       3       9      10       4
       8       3      10      11       4
       9       3       5       4      11
      10       3      12       5      11
      11       3       6       5      12
      12       3       7       6      12
      13       3      12      13       7
      14       3      13      14       7
      15       3      17       8      16
      16       3       9       8      17
      17       3      17      18       9
      18       3      18      10       9
      19       3      18      19      10
      20       3      10      19      20
      21       3      10      20      11
      22       3      11      20      12
      23       3      20      13      12
      24       3      13      20      21
      25       3      22      13      21
      26       3      14      13      22
      27       3      15      14      22
      28       3      23      15      22
      29       3      25      16      24
      30       3      25      17      16
      31       3      25      26      17
      32       3      17      26      18
      33       3      26      27      18
      34       3      27      19      18
      35       3      19      27      28
      36       3      29      19      28
      37       3      19      29      20
      38       3      29      21      20
      39       3      29      30      21
      40       3      30      31      21
      41       3      22      21      31
      42       3      32      22      31
      43       3      23      22      32
      44       3      23      32      33
      45       3      34      35      24
      46       3      25      24      35
      47       3      25      35      36
      48       3      37      25      36
      49       3      25      37      26
      50       3      37      27      26
      51       3      27      37      38
      52       3      38      28      27
      53       3      39      28      38
      54       3      29      28      39
      55       3      39      40      29
      56       3      40      30      29
      57       3      41      30      40
      58       3      41      31      30
      59       3      42      31      41
      60       3      42      32      31
      61       3      42      43      32
      62       3      43      33      32
      63       3      34      44      45
      64       3      35      34      45
      65       3      46      35      45
      66       3      36      35      46
      67       3      47      36      46
      68       3      37      36      47
      69       3      37      47      48
      70       3      37      48      38
      71       3      48      49      38
      72       3      39      38      49
      73       3      50      39      49
      74       3      40      39      50
      75       3      51      40      50
      76       3      41      40      51
      77       3      52      41      51
      78       3      52      42      41
      79       3      42      52      53
      80       3      43      42      53
      81       3      46      45      54
      82       3      46      54      55
      83       3      55      56      46
      84       3      46      56      47
      85       3      56      57      47
      86       3      48      47      57
      87       3      58      48      57
      88       3      48      58      49
      89       3      49      58      59
      90       3      60      49      59
      91       3      50      49      60
      92       3      60      61      50
      93       3      62      50      61
      94       3      51      50      62
      95       3      63      51      62
      96       3      52      51      63
      97       3      63      64      52
      98       3      64      53      52
      99       3      55      65      56
     100       3      66      56      65
     101       3      66      57      56
     102       3      67      57      66
     103       3      57      67      58
     104       3      67      68      58
     105       3      68      59      58
     106       3      68      69      59
     107       3      59      69      70
     108       3      60      59      70
     109       3      60      70      61
     110       3      61      70      71
     111       3      72      61      71
     112       3      72      62      61
     113       3      73      62      72
     114       3      63      62      73
     115       3      63      73      74
     116       3      64      63      74
     117       3      77      76      65
     118       3      76      66      65
     119       3      78      66      76
     120       3      78      67      66
     121       3      78      79      67
     122       3      68      67      79
     123       3      68      79      80
     124       3      68      80      69
     125       3      69      80      81
     126       3      82      69      81
     127       3      82      70      69
     128       3      82      71      70
     129       3      82      83      71
     130       3      71      83      84
     131       3      72      71      84
     132       3      72      84      85
     133       3      86      72      85
     134       3      72      86      73
     135       3      86      87      73
     136       3      87      74      73
     137       3      75      74      87
     138       3      87      88      75
     139       3      77      89      76
     140       3      90      76      89
     141       3      78      76      90
     142       3      78      90      91
     143       3      78      91      79
     144       3      79      91      80
     145       3      92      80      91
     146       3      92      81      80
     147       3      92      93      81
     148       3      93      83      81
     149       3      82      81      83
     150       3      94      83      93
     151       3      94      84      83
     152       3      94      95      84
     153       3      85      84      95
     154       3      96      85      95
     155       3      96      86      85
     156       3      96      97      86
     157       3      87      86      97
     158       3      87      97      98
     159       3      87      98      88
     160       3      88      98      99
     161       3     100      90      89
     162       3     100     101      90
     163       3      91      90     101
     164       3      92      91     101
     165       3      92     101     102
     166       3      92     102     103
     167       3      92     103      93
     168       3      93     103     104
     169       3      94      93     104
     170       3      94     104     105
     171       3      94     105     106
     172       3      94     106      95
     173       3     106     107      95
     174       3      96      95     107
     175       3      96     107      97
     176       3      98      97     107
     177       3     108      98     107
     178       3     108      99      98
     179       3     108     109      99
     180       3     100     110     101
     181       3     102     101     110
     182       3     111     102     110
     183       3     111     112     102
     184       3     112     103     102
     185       3     112     104     103
     186       3     113     104     112
     187       3     105     104     113
     188       3     105     113     114
     189       3     105     114     115
     190       3     115     106     105
     191       3     108     106     115
     192       3     108     107     106
     193       3     108     115     109
     194       3     109     115     116
     195       3     112     111     117
     196       3     118     112     117
     197       3     118     113     112
     198       3     113     118     119
     199       3     120     113     119
     200       3     113     120     114
     201       3     121     114     120
     202       3     121     122     114
     203       3     122     116     114
     204       3     116     115     114
     205       3     120     119     123
     206       3     121     124     122
 0                    ! Number of open boundaries                               
 0                   ! Total number of open boundary nodes                      
 1 = Number of land boundaries                                                  
 17 = Total number of land boundary nodes                                       
      17       0  = Number of nodes for land boundary 1                         
      44
      45
      54
      55
      65
      77
      89
     100
     110
     111
     117
     118
     119
     123
     120
     121
     124
