RES NODE          12          99
                   4           5           9          10          11          12
                  13          17          18          19          20          21
                  22          25          26          27          28          29
                  30          31          32          35          36          37
                  38          39          40          41          42          45
                  46          47          48          49          50          51
                  52          54          55          56          57          58
                  59          60          61          62          63          65
                  66          67          68          69          70          71
                  72          73          76          77          78          79
                  80          81          82          83          84          85
                  86          87          89          90          91          92
                  93          94          95          96          97          98
                 100         101         102         103         104         105
                 106         107         108         110         111         112
                 113         114         115         117         118         119
                 120         121         123
COMM PE            3
RECV PE           13          12
                  33          43          53          64          74          75
                  88          99         109         116         122         124
RECV PE           15           6
                   2           6           7          14          15          23
RECV PE           16           7
                   1           3           8          16          24          34
                  44
SEND PE           13          11
                  32          42          52          63          73          87
                  98         108         114         115         121
SEND PE           15           6
                   4           5          12          13          22          32
SEND PE           16           6
                   4           9          17          25          35          45
