RES NODE          15          91
                   3           4           9          10          11          12
                  13          21          22          23          24          25
                  26          27          28          29          34          35
                  36          37          38          39          40          41
                  42          43          46          47          48          49
                  50          51          52          53          54          55
                  56          57          58          61          62          63
                  64          65          66          67          68          69
                  70          71          72          73          76          77
                  78          79          80          81          82          83
                  84          85          86          89          90          91
                  92          93          94          95          96          97
                  98         102         103         104         105         106
                 107         108         109         113         114         115
                 116         117         118         121         122         123
                 127
COMM PE            7
RECV PE            8           2
                  44          59
RECV PE            9          10
                   1           5           6           7          14          15
                  16          17          18          30
RECV PE           12           6
                 100         101         111         112         120         125
RECV PE           13           2
                 126         128
RECV PE           14           6
                  74          87          99         110         119         124
RECV PE           16           4
                  45          60          75          88
RECV PE           17           7
                   2           8          19          20          31          32
                  33
SEND PE            8           2
                  43          58
SEND PE            9          10
                   3           4          11          12          13          26
                  27          28          29          43
SEND PE           12           6
                  89         102         103         113         114         121
SEND PE           13           2
                 121         127
SEND PE           14           8
                  58          73          86          98         109         118
                 123         127
SEND PE           16           5
                  46          61          76          89          90
SEND PE           17           7
                   3           9          21          34          35          46
                  47
