 Shinacock Inlet Coarse Grid                                                    
     217     128
       1     -0.724031537605E+02      0.407472167519E+02      0.357621994019E+02
       2     -0.724016043811E+02      0.407557227036E+02      0.351231575012E+02
       3     -0.724081878538E+02      0.407550643691E+02      0.348316230774E+02
       4     -0.724112180852E+02      0.407499476182E+02      0.351775131226E+02
       5     -0.724108489643E+02      0.407435045625E+02      0.358540763855E+02
       6     -0.724182854515E+02      0.407397175611E+02      0.359258956909E+02
       7     -0.724264956250E+02      0.407381958813E+02      0.355575370789E+02
       8     -0.724065047766E+02      0.407623608388E+02      0.340642395020E+02
       9     -0.724125661935E+02      0.407605348141E+02      0.338189659119E+02
      10     -0.724159759051E+02      0.407554581026E+02      0.344823265076E+02
      11     -0.724182749043E+02      0.407484730111E+02      0.352192764282E+02
      12     -0.724239257418E+02      0.407442920600E+02      0.354199180603E+02
      13     -0.724312157694E+02      0.407458767361E+02      0.348780517578E+02
      14     -0.724331439489E+02      0.407387928808E+02      0.350707550049E+02
      15     -0.724386917458E+02      0.407353251767E+02      0.348102531433E+02
      16     -0.724459725692E+02      0.407313054277E+02      0.344458694458E+02
      17     -0.724540897586E+02      0.407301788724E+02      0.339612197876E+02
      18     -0.724618183596E+02      0.407296254385E+02      0.334799041748E+02
      19     -0.724138848592E+02      0.407736738595E+02      0.318998317719E+02
      20     -0.724129665636E+02      0.407668813949E+02      0.328882255554E+02
      21     -0.724189488363E+02      0.407624388343E+02      0.334904327393E+02
      22     -0.724234548280E+02      0.407564849560E+02      0.342073707581E+02
      23     -0.724252430332E+02      0.407499036611E+02      0.349928741455E+02
      24     -0.724300078548E+02      0.407530030656E+02      0.343899307251E+02
      25     -0.724369773144E+02      0.407524990834E+02      0.338933525085E+02
      26     -0.724385386738E+02      0.407442178451E+02      0.344229049683E+02
      27     -0.724447779446E+02      0.407402998004E+02      0.341441459656E+02
      28     -0.724519238964E+02      0.407378080967E+02      0.337555885315E+02
      29     -0.724592534082E+02      0.407373718574E+02      0.333003120422E+02
      30     -0.724661333670E+02      0.407365989185E+02      0.329149055481E+02
      31     -0.724084458169E+02      0.407915833855E+02      0.296459178925E+02
      32     -0.724121889752E+02      0.407865559110E+02      0.301711292267E+02
      33     -0.724134564362E+02      0.407805404215E+02      0.310200672150E+02
      34     -0.724211310944E+02      0.407777172009E+02      0.313486156464E+02
      35     -0.724200564963E+02      0.407697114397E+02      0.324615592957E+02
      36     -0.724259399667E+02      0.407643741594E+02      0.331673965454E+02
      37     -0.724311232883E+02      0.407592171718E+02      0.335530204773E+02
      38     -0.724373606295E+02      0.407602851344E+02      0.331055183411E+02
      39     -0.724432548734E+02      0.407574612738E+02      0.331892433167E+02
      40     -0.724446647340E+02      0.407496348789E+02      0.337598724365E+02
      41     -0.724500009144E+02      0.407444278160E+02      0.336101303101E+02
      42     -0.724571389045E+02      0.407449775471E+02      0.331972923279E+02
      43     -0.724647836129E+02      0.407442310454E+02      0.328724517822E+02
      44     -0.724721803575E+02      0.407426313334E+02      0.324017524719E+02
      45     -0.724130253753E+02      0.407987224314E+02      0.285325469971E+02
      46     -0.724155263383E+02      0.407918509135E+02      0.292834892273E+02
      47     -0.724186545882E+02      0.407849118843E+02      0.300589828491E+02
      48     -0.724260645316E+02      0.407850248542E+02      0.295785160065E+02
      49     -0.724286524957E+02      0.407783280621E+02      0.309573345184E+02
      50     -0.724268324812E+02      0.407715935093E+02      0.321784896851E+02
      51     -0.724337678499E+02      0.407667214433E+02      0.326656303406E+02
      52     -0.724416165000E+02      0.407655162493E+02      0.325954856873E+02
      53     -0.724474709155E+02      0.407628987801E+02      0.327806396484E+02
      54     -0.724507549707E+02      0.407566930551E+02      0.330834350586E+02
      55     -0.724516497918E+02      0.407498911188E+02      0.333338851929E+02
      56     -0.724564750328E+02      0.407525771952E+02      0.330218620300E+02
      57     -0.724625258447E+02      0.407512655920E+02      0.328186798096E+02
      58     -0.724703994046E+02      0.407511782543E+02      0.323014640808E+02
      59     -0.724773095698E+02      0.407483134800E+02      0.318083114624E+02
      60     -0.724201128787E+02      0.408033962466E+02      0.276002578735E+02
      61     -0.724203989828E+02      0.407966768417E+02      0.284094409943E+02
      62     -0.724215491197E+02      0.407902548070E+02      0.291444911957E+02
      63     -0.724266365590E+02      0.407931018012E+02      0.284207630157E+02
      64     -0.724323866727E+02      0.407896365214E+02      0.285340766907E+02
      65     -0.724334106214E+02      0.407832853158E+02      0.297001094818E+02
      66     -0.724353654707E+02      0.407776587035E+02      0.309709339142E+02
      67     -0.724330703536E+02      0.407730857245E+02      0.318777942657E+02
      68     -0.724403841729E+02      0.407726814109E+02      0.317821598053E+02
      69     -0.724481552222E+02      0.407701158585E+02      0.321129875183E+02
      70     -0.724535530674E+02      0.407641998577E+02      0.324751586914E+02
      71     -0.724589863801E+02      0.407589152234E+02      0.326543312073E+02
      72     -0.724657917169E+02      0.407570246823E+02      0.324224662781E+02
      73     -0.724715398065E+02      0.407599647956E+02      0.319759178162E+02
      74     -0.724774302919E+02      0.407560798297E+02      0.314545707703E+02
      75     -0.724266970435E+02      0.408082013346E+02      0.265808792114E+02
      76     -0.724264206665E+02      0.408004685514E+02      0.277866973877E+02
      77     -0.724321907977E+02      0.407965049520E+02      0.280866489410E+02
      78     -0.724382985120E+02      0.407933418337E+02      0.281922492981E+02
      79     -0.724390230250E+02      0.407869350078E+02      0.290704078674E+02
      80     -0.724404498443E+02      0.407804885082E+02      0.303979206085E+02
      81     -0.724465884201E+02      0.407776971460E+02      0.309646186829E+02
      82     -0.724525285781E+02      0.407758984806E+02      0.309051475525E+02
      83     -0.724562510458E+02      0.407709237901E+02      0.315944347382E+02
      84     -0.724598656863E+02      0.407659930049E+02      0.320490379333E+02
      85     -0.724655051969E+02      0.407638486034E+02      0.320986824036E+02
      86     -0.724713435860E+02      0.407680068475E+02      0.313426055908E+02
      87     -0.724772713735E+02      0.407642244755E+02      0.313225555420E+02
      88     -0.724302884793E+02      0.408142237078E+02      0.250338325500E+02
      89     -0.724341409937E+02      0.408092766547E+02      0.255534057617E+02
      90     -0.724327277757E+02      0.408032677328E+02      0.271546573639E+02
      91     -0.724378694463E+02      0.407990714118E+02      0.276366310120E+02
      92     -0.724447578783E+02      0.407971825594E+02      0.272582778931E+02
      93     -0.724439960235E+02      0.407907798620E+02      0.283348045349E+02
      94     -0.724460237713E+02      0.407848261176E+02      0.294166088104E+02
      95     -0.724530192445E+02      0.407828246475E+02      0.292463035583E+02
      96     -0.724589879985E+02      0.407773101761E+02      0.299461250305E+02
      97     -0.724644856030E+02      0.407716794206E+02      0.309335594177E+02
      98     -0.724720086963E+02      0.407753551657E+02      0.297088737488E+02
      99     -0.724779291128E+02      0.407718718662E+02      0.303827419281E+02
     100     -0.724363047938E+02      0.408162744492E+02      0.237073078156E+02
     101     -0.724395709175E+02      0.408104947895E+02      0.247693138123E+02
     102     -0.724404228961E+02      0.408043050961E+02      0.264366931915E+02
     103     -0.724476625873E+02      0.408031778855E+02      0.262640609741E+02
     104     -0.724520786499E+02      0.407977304511E+02      0.264972152710E+02
     105     -0.724506845701E+02      0.407908542717E+02      0.277115573883E+02
     106     -0.724571363634E+02      0.407883074093E+02      0.278023777008E+02
     107     -0.724606936503E+02      0.407835693032E+02      0.283655223846E+02
     108     -0.724659644565E+02      0.407787353597E+02      0.291689662933E+02
     109     -0.724727351146E+02      0.407822229083E+02      0.280039710999E+02
     110     -0.724793474935E+02      0.407797622994E+02      0.282780475616E+02
     111     -0.724453859587E+02      0.408090453711E+02      0.248854084015E+02
     112     -0.724517044540E+02      0.408084854645E+02      0.249287281036E+02
     113     -0.724539601451E+02      0.408032860747E+02      0.260144405365E+02
     114     -0.724590368510E+02      0.408000327167E+02      0.258981246948E+02
     115     -0.724579579924E+02      0.407940260418E+02      0.267853317261E+02
     116     -0.724641780955E+02      0.407900951627E+02      0.271780509949E+02
     117     -0.724667360961E+02      0.407845085969E+02      0.279052486420E+02
     118     -0.724709085983E+02      0.407878786222E+02      0.271971492767E+02
     119     -0.724779272731E+02      0.407881519005E+02      0.268029232025E+02
     120     -0.724591763520E+02      0.408065847054E+02      0.250483741760E+02
     121     -0.724652050913E+02      0.408022661891E+02      0.254970302582E+02
     122     -0.724650557712E+02      0.407963572407E+02      0.264350032806E+02
     123     -0.724716646720E+02      0.407931284124E+02      0.269587364197E+02
     124     -0.724786224895E+02      0.407959812776E+02      0.252424354553E+02
     125     -0.724664126642E+02      0.408075332279E+02      0.242761287689E+02
     126     -0.724713228794E+02      0.408040372512E+02      0.238484249115E+02
     127     -0.724719425184E+02      0.407990324650E+02      0.250079402924E+02
     128     -0.724784534059E+02      0.408029419300E+02      0.200804843903E+02
       1       3       2       3       1
       2       3       3       4       1
       3       3       1       4       5
       4       3       8       3       2
       5       3       8       9       3
       6       3      10       3       9
       7       3       3      10       4
       8       3      10      11       4
       9       3       5       4      11
      10       3       6       5      11
      11       3      12       6      11
      12       3      12       7       6
      13       3      12      13       7
      14       3      13      14       7
      15       3      20       9       8
      16       3      20      21       9
      17       3      10       9      21
      18       3      22      10      21
      19       3      10      22      11
      20       3      22      23      11
      21       3      12      11      23
      22       3      23      13      12
      23       3      23      24      13
      24       3      13      24      25
      25       3      26      13      25
      26       3      14      13      26
      27       3      15      14      26
      28       3      26      27      15
      29       3      16      15      27
      30       3      28      16      27
      31       3      17      16      28
      32       3      28      29      17
      33       3      18      17      29
      34       3      18      29      30
      35       3      19      33      34
      36       3      19      34      35
      37       3      19      35      20
      38       3      35      21      20
      39       3      36      21      35
      40       3      22      21      36
      41       3      36      37      22
      42       3      22      37      24
      43       3      22      24      23
      44       3      25      24      37
      45       3      25      37      38
      46       3      25      38      39
      47       3      40      25      39
      48       3      26      25      40
      49       3      27      26      40
      50       3      40      41      27
      51       3      28      27      41
      52       3      41      42      28
      53       3      42      29      28
      54       3      29      42      43
      55       3      30      29      43
      56       3      43      44      30
      57       3      46      31      45
      58       3      32      31      46
      59       3      47      32      46
      60       3      32      47      33
      61       3      47      34      33
      62       3      47      48      34
      63       3      48      49      34
      64       3      50      34      49
      65       3      50      35      34
      66       3      36      35      50
      67       3      50      51      36
      68       3      36      51      37
      69       3      51      38      37
      70       3      51      52      38
      71       3      39      38      52
      72       3      39      52      53
      73       3      53      54      39
      74       3      39      54      40
      75       3      54      55      40
      76       3      40      55      41
      77       3      55      42      41
      78       3      55      56      42
      79       3      56      57      42
      80       3      57      43      42
      81       3      57      58      43
      82       3      58      44      43
      83       3      44      58      59
      84       3      60      61      45
      85       3      46      45      61
      86       3      62      46      61
      87       3      47      46      62
      88       3      62      48      47
      89       3      62      63      48
      90       3      63      64      48
      91       3      64      65      48
      92       3      48      65      49
      93       3      65      66      49
      94       3      49      66      67
      95       3      49      67      50
      96       3      50      67      51
      97       3      67      68      51
      98       3      68      52      51
      99       3      52      68      69
     100       3      53      52      69
     101       3      69      70      53
     102       3      53      70      54
     103       3      70      71      54
     104       3      56      54      71
     105       3      56      55      54
     106       3      57      56      71
     107       3      57      71      72
     108       3      72      58      57
     109       3      73      58      72
     110       3      73      74      58
     111       3      74      59      58
     112       3      75      76      60
     113       3      60      76      61
     114       3      63      61      76
     115       3      63      62      61
     116       3      77      63      76
     117       3      64      63      77
     118       3      77      78      64
     119       3      79      64      78
     120       3      65      64      79
     121       3      65      79      80
     122       3      65      80      66
     123       3      68      66      80
     124       3      68      67      66
     125       3      68      80      81
     126       3      69      68      81
     127       3      81      82      69
     128       3      83      69      82
     129       3      83      70      69
     130       3      84      70      83
     131       3      70      84      71
     132       3      71      84      85
     133       3      72      71      85
     134       3      85      73      72
     135       3      73      85      86
     136       3      87      73      86
     137       3      87      74      73
     138       3      89      75      88
     139       3      75      89      90
     140       3      75      90      76
     141       3      76      90      77
     142       3      90      91      77
     143       3      77      91      78
     144       3      78      91      92
     145       3      93      78      92
     146       3      79      78      93
     147       3      94      79      93
     148       3      80      79      94
     149       3      81      80      94
     150       3      81      94      95
     151       3      82      81      95
     152       3      96      82      95
     153       3      82      96      83
     154       3      96      97      83
     155       3      84      83      97
     156       3      85      84      97
     157       3      97      86      85
     158       3      98      86      97
     159       3      98      99      86
     160       3      87      86      99
     161       3      88     100      89
     162       3     100     101      89
     163       3     102      89     101
     164       3     102      90      89
     165       3      90     102      91
     166       3      92      91     102
     167       3      92     102     103
     168       3     103     104      92
     169       3      92     104     105
     170       3      92     105      93
     171       3      93     105      94
     172       3     105      95      94
     173       3     105     106      95
     174       3     106     107      95
     175       3      96      95     107
     176       3     108      96     107
     177       3      96     108      97
     178       3     108      98      97
     179       3      98     108     109
     180       3      98     109     110
     181       3      99      98     110
     182       3     102     101     111
     183       3     103     102     111
     184       3     111     112     103
     185       3     112     113     103
     186       3     113     104     103
     187       3     113     114     104
     188       3     114     115     104
     189       3     105     104     115
     190       3     106     105     115
     191       3     115     116     106
     192       3     107     106     116
     193       3     117     107     116
     194       3     108     107     117
     195       3     108     117     109
     196       3     109     117     118
     197       3     118     119     109
     198       3     119     110     109
     199       3     113     112     120
     200       3     114     113     120
     201       3     121     114     120
     202       3     114     121     122
     203       3     114     122     115
     204       3     115     122     116
     205       3     116     122     123
     206       3     118     116     123
     207       3     117     116     118
     208       3     119     118     123
     209       3     119     123     124
     210       3     121     120     125
     211       3     121     125     126
     212       3     127     121     126
     213       3     121     127     122
     214       3     127     123     122
     215       3     127     124     123
     216       3     124     127     128
     217       3     127     126     128
 0                    ! Number of open boundaries                               
 0                   ! Total number of open boundary nodes                      
 0 = Number of land boundaries                                                  
 0 = Total number of land boundary nodes                                        
