 Shinacock Inlet Coarse Grid                                                    
     217     132
       1     -0.726746914471E+02      0.406470643612E+02      0.354041519165E+02
       2     -0.726856164623E+02      0.406507670265E+02      0.349383163452E+02
       3     -0.726887124747E+02      0.406619336466E+02      0.341254043579E+02
       4     -0.727046870367E+02      0.406779963096E+02      0.324559249878E+02
       5     -0.727160596843E+02      0.406886296810E+02      0.308437900543E+02
       6     -0.727439316431E+02      0.407666815898E+02      0.160492539410E+01
       7     -0.726638012020E+02      0.406575950798E+02      0.348741493225E+02
       8     -0.726758051286E+02      0.406601791462E+02      0.345709037781E+02
       9     -0.726781296975E+02      0.406722904468E+02      0.336516609192E+02
      10     -0.726909655775E+02      0.406747054690E+02      0.330200157166E+02
      11     -0.726920297688E+02      0.406872552703E+02      0.318069152832E+02
      12     -0.727029429697E+02      0.406913779292E+02      0.309393978119E+02
      13     -0.727069033206E+02      0.407034567412E+02      0.294500694275E+02
      14     -0.727191815219E+02      0.407014955179E+02      0.289934806824E+02
      15     -0.727296798345E+02      0.407067572958E+02      0.281133289337E+02
      16     -0.727310822417E+02      0.407194223151E+02      0.258543834686E+02
      17     -0.727337251645E+02      0.407607057067E+02      0.100655202866E+02
      18     -0.727321526707E+02      0.407700113734E+02      0.148682737350E+01
      19     -0.726514097207E+02      0.406558587640E+02      0.350498123169E+02
      20     -0.726535866377E+02      0.406678851402E+02      0.343948135376E+02
      21     -0.726656596934E+02      0.406700392316E+02      0.341724700928E+02
      22     -0.726675668777E+02      0.406820591933E+02      0.332903022766E+02
      23     -0.726798089300E+02      0.406844483202E+02      0.325837173462E+02
      24     -0.726812617995E+02      0.406966371715E+02      0.316271095276E+02
      25     -0.726933195497E+02      0.407000604895E+02      0.305645618439E+02
      26     -0.726944798674E+02      0.407119911892E+02      0.290763435364E+02
      27     -0.727048523296E+02      0.407165218790E+02      0.279418735504E+02
      28     -0.727172826895E+02      0.407151401607E+02      0.273772144318E+02
      29     -0.727218600257E+02      0.407283070195E+02      0.254815349579E+02
      30     -0.727335115884E+02      0.407310355660E+02      0.190917797089E+02
      31     -0.727282631151E+02      0.407415043312E+02      0.220696411133E+02
      32     -0.727277858342E+02      0.407525779704E+02      0.167033405304E+02
      33     -0.727235644777E+02      0.407617756630E+02      0.115191364288E+02
      34     -0.727209185352E+02      0.407729100361E+02      0.141345167160E+01
      35     -0.726290462125E+02      0.406650118538E+02      0.349453697205E+02
      36     -0.726413912706E+02      0.406662494901E+02      0.346463432312E+02
      37     -0.726438119061E+02      0.406776457851E+02      0.339293785095E+02
      38     -0.726556515710E+02      0.406797144262E+02      0.336516113281E+02
      39     -0.726573297660E+02      0.406915265119E+02      0.327894744873E+02
      40     -0.726693245004E+02      0.406938279439E+02      0.323536109924E+02
      41     -0.726708541317E+02      0.407056224551E+02      0.311150360107E+02
      42     -0.726827036333E+02      0.407085686944E+02      0.300273971558E+02
      43     -0.726841062689E+02      0.407204752186E+02      0.279918498993E+02
      44     -0.726957203515E+02      0.407244367963E+02      0.267173595428E+02
      45     -0.727084687507E+02      0.407284411451E+02      0.255445652008E+02
      46     -0.727164915279E+02      0.407382651881E+02      0.234956703186E+02
      47     -0.727170089576E+02      0.407505006719E+02      0.193238086700E+02
      48     -0.727135945237E+02      0.407634525928E+02      0.117505884171E+02
      49     -0.727102569223E+02      0.407756131525E+02      0.153400099280E+01
      50     -0.726200277061E+02      0.406747358890E+02      0.342790145874E+02
      51     -0.726319168755E+02      0.406760199953E+02      0.340985298157E+02
      52     -0.726344945126E+02      0.406867965932E+02      0.332666091919E+02
      53     -0.726461611354E+02      0.406887878763E+02      0.331166419983E+02
      54     -0.726469451360E+02      0.407008099639E+02      0.320686836243E+02
      55     -0.726594896909E+02      0.407025840974E+02      0.316690082550E+02
      56     -0.726607659895E+02      0.407145382203E+02      0.302860202789E+02
      57     -0.726729738896E+02      0.407168217895E+02      0.295054569244E+02
      58     -0.726739197699E+02      0.407288940819E+02      0.277562103271E+02
      59     -0.726858813130E+02      0.407318118067E+02      0.263611392975E+02
      60     -0.726967853387E+02      0.407363360437E+02      0.219193496704E+02
      61     -0.727067229788E+02      0.407425517183E+02      0.218173542023E+02
      62     -0.727057169405E+02      0.407551092743E+02      0.180475616455E+02
      63     -0.727039047761E+02      0.407669703535E+02      0.112341127396E+02
      64     -0.727001595060E+02      0.407782050493E+02      0.128497517110E+01
      65     -0.726113952963E+02      0.406837394036E+02      0.334888496399E+02
      66     -0.726232461782E+02      0.406854824237E+02      0.334170417786E+02
      67     -0.726263553791E+02      0.406970673256E+02      0.322471504211E+02
      68     -0.726374810639E+02      0.406960346512E+02      0.324812088013E+02
      69     -0.726343556440E+02      0.407053692448E+02      0.314705944061E+02
      70     -0.726413380113E+02      0.407123732760E+02      0.308052120209E+02
      71     -0.726513795444E+02      0.407099144738E+02      0.309792270660E+02
      72     -0.726486161096E+02      0.407192622981E+02      0.299989337921E+02
      73     -0.726554989948E+02      0.407257319044E+02      0.291741943359E+02
      74     -0.726650106554E+02      0.407238648825E+02      0.290089626312E+02
      75     -0.726619641705E+02      0.407333286590E+02      0.280312862396E+02
      76     -0.726679130267E+02      0.407400032008E+02      0.270462894440E+02
      77     -0.726776524560E+02      0.407382601160E+02      0.263661479950E+02
      78     -0.726861996262E+02      0.407437896311E+02      0.223422908783E+02
      79     -0.726968271311E+02      0.407484086389E+02      0.224580707550E+02
      80     -0.726953433088E+02      0.407609652932E+02      0.169364166260E+02
      81     -0.726956966972E+02      0.407714858696E+02      0.933028030400E+01
      82     -0.726907109100E+02      0.407810888727E+02      0.109194898610E+01
      83     -0.726045965188E+02      0.406926443346E+02      0.324461517334E+02
      84     -0.726155069506E+02      0.406934174446E+02      0.323353424072E+02
      85     -0.726167696805E+02      0.407030339199E+02      0.315568199158E+02
      86     -0.726239369709E+02      0.407091525952E+02      0.311219768524E+02
      87     -0.726312837290E+02      0.407158064549E+02      0.305967044830E+02
      88     -0.726376484043E+02      0.407232582512E+02      0.297492237091E+02
      89     -0.726458582497E+02      0.407287469030E+02      0.290259380341E+02
      90     -0.726519793988E+02      0.407357386162E+02      0.281503334045E+02
      91     -0.726571703364E+02      0.407436785018E+02      0.269035453796E+02
      92     -0.726646322213E+02      0.407496981031E+02      0.247868766785E+02
      93     -0.726745130368E+02      0.407472953810E+02      0.243835144043E+02
      94     -0.726800014729E+02      0.407542893684E+02      0.211843452454E+02
      95     -0.726887675800E+02      0.407538280701E+02      0.189699039459E+02
      96     -0.726851332279E+02      0.407627667022E+02      0.171552028656E+02
      97     -0.726880204835E+02      0.407718544902E+02      0.109902391434E+02
      98     -0.725998749358E+02      0.407038816986E+02      0.316924076080E+02
      99     -0.726085853052E+02      0.407003601488E+02      0.317524871826E+02
     100     -0.726077312182E+02      0.407087036397E+02      0.312044830322E+02
     101     -0.726143161908E+02      0.407113161727E+02      0.310133171082E+02
     102     -0.726162518656E+02      0.407169987882E+02      0.306599502563E+02
     103     -0.726223447173E+02      0.407196245761E+02      0.303705120087E+02
     104     -0.726276755224E+02      0.407254623455E+02      0.297269248962E+02
     105     -0.726303254131E+02      0.407328820294E+02      0.290282039642E+02
     106     -0.726379594416E+02      0.407323058911E+02      0.288707466125E+02
     107     -0.726429205947E+02      0.407377093657E+02      0.282206478119E+02
     108     -0.726471555685E+02      0.407446297845E+02      0.272526473999E+02
     109     -0.726491814343E+02      0.407521511595E+02      0.245457534790E+02
     110     -0.726563842606E+02      0.407530017691E+02      0.239625129700E+02
     111     -0.726013845267E+02      0.407135623356E+02      0.311279010773E+02
     112     -0.726075827030E+02      0.407188739540E+02      0.307538223267E+02
     113     -0.726131230632E+02      0.407247452837E+02      0.303251533508E+02
     114     -0.726194614644E+02      0.407276619696E+02      0.299462928772E+02
     115     -0.726218999848E+02      0.407342308095E+02      0.293666954041E+02
     116     -0.726251233537E+02      0.407421172578E+02      0.285275859833E+02
     117     -0.726339431141E+02      0.407398391707E+02      0.283485336304E+02
     118     -0.726391618572E+02      0.407448772976E+02      0.277159347534E+02
     119     -0.726398895249E+02      0.407526192426E+02      0.259558658600E+02
     120     -0.725993882829E+02      0.407220965656E+02      0.309503383636E+02
     121     -0.726048887477E+02      0.407294285919E+02      0.304225997925E+02
     122     -0.726129181553E+02      0.407332790455E+02      0.299518680573E+02
     123     -0.726160085489E+02      0.407407546428E+02      0.294521770477E+02
     124     -0.726180363387E+02      0.407485561267E+02      0.284059028625E+02
     125     -0.726250613936E+02      0.407509009376E+02      0.274001350403E+02
     126     -0.726321107865E+02      0.407477949879E+02      0.275330467224E+02
     127     -0.725953060750E+02      0.407303940115E+02      0.309771480560E+02
     128     -0.725999727630E+02      0.407367029523E+02      0.304646530151E+02
     129     -0.726067238168E+02      0.407399102286E+02      0.298418445587E+02
     130     -0.726111774221E+02      0.407467086907E+02      0.291465301514E+02
     131     -0.725984181309E+02      0.407449369190E+02      0.296911487579E+02
     132     -0.726048355107E+02      0.407491429669E+02      0.288910846710E+02
       1       3       1       7       8
       2       3       2       1       8
       3       3       2       8       3
       4       3       3       8       9
       5       3       3       9      10
       6       3       4      10      11
       7       3       4      11      12
       8       3       4      12       5
       9       3      13       5      12
      10       3      13      14       5
      11       3       6      17      18
      12       3       7      19      20
      13       3       7      20      21
      14       3       8       7      21
      15       3       8      21       9
      16       3       9      21      22
      17       3       9      22      23
      18       3      10       9      23
      19       3      10      23      11
      20       3      11      23      24
      21       3      11      24      25
      22       3      12      11      25
      23       3      12      25      13
      24       3      26      13      25
      25       3      26      27      13
      26       3      13      27      28
      27       3      14      13      28
      28       3      15      14      28
      29       3      15      28      16
      30       3      29      16      28
      31       3      29      30      16
      32       3      32      33      17
      33       3      18      17      33
      34       3      34      18      33
      35       3      19      36      20
      36       3      37      20      36
      37       3      37      38      20
      38       3      38      21      20
      39       3      38      22      21
      40       3      22      38      39
      41       3      22      39      40
      42       3      23      22      40
      43       3      23      40      24
      44       3      41      24      40
      45       3      41      42      24
      46       3      25      24      42
      47       3      25      42      26
      48       3      26      42      43
      49       3      26      43      44
      50       3      44      27      26
      51       3      44      45      27
      52       3      45      28      27
      53       3      45      29      28
      54       3      29      45      46
      55       3      29      46      31
      56       3      30      29      31
      57       3      31      46      47
      58       3      31      47      32
      59       3      32      47      33
      60       3      47      48      33
      61       3      48      34      33
      62       3      34      48      49
      63       3      35      50      51
      64       3      36      35      51
      65       3      36      51      37
      66       3      37      51      52
      67       3      37      52      53
      68       3      38      37      53
      69       3      38      53      39
      70       3      39      53      54
      71       3      39      54      55
      72       3      40      39      55
      73       3      40      55      41
      74       3      41      55      56
      75       3      41      56      57
      76       3      42      41      57
      77       3      42      57      43
      78       3      43      57      58
      79       3      43      58      59
      80       3      44      43      59
      81       3      44      59      60
      82       3      60      45      44
      83       3      60      61      45
      84       3      45      61      46
      85       3      46      61      47
      86       3      61      62      47
      87       3      47      62      48
      88       3      62      63      48
      89       3      48      63      49
      90       3      49      63      64
      91       3      50      65      66
      92       3      51      50      66
      93       3      51      66      52
      94       3      67      52      66
      95       3      67      68      52
      96       3      53      52      68
      97       3      53      68      54
      98       3      68      69      54
      99       3      70      54      69
     100       3      71      54      70
     101       3      71      55      54
     102       3      71      56      55
     103       3      72      56      71
     104       3      73      56      72
     105       3      73      74      56
     106       3      57      56      74
     107       3      57      74      58
     108       3      58      74      75
     109       3      76      58      75
     110       3      76      77      58
     111       3      77      59      58
     112       3      77      78      59
     113       3      60      59      78
     114       3      60      78      79
     115       3      79      61      60
     116       3      79      62      61
     117       3      80      62      79
     118       3      80      63      62
     119       3      81      63      80
     120       3      64      63      81
     121       3      64      81      82
     122       3      84      65      83
     123       3      66      65      84
     124       3      67      66      84
     125       3      67      84      85
     126       3      86      67      85
     127       3      86      69      67
     128       3      69      68      67
     129       3      87      69      86
     130       3      69      87      70
     131       3      70      87      88
     132       3      88      72      70
     133       3      72      71      70
     134       3      89      72      88
     135       3      73      72      89
     136       3      73      89      90
     137       3      90      75      73
     138       3      75      74      73
     139       3      75      90      91
     140       3      76      75      91
     141       3      76      91      92
     142       3      92      93      76
     143       3      93      77      76
     144       3      78      77      93
     145       3      94      78      93
     146       3      78      94      95
     147       3      79      78      95
     148       3      79      95      80
     149       3      95      96      80
     150       3      96      97      80
     151       3      97      81      80
     152       3      82      81      97
     153       3      98      99      83
     154       3      99      84      83
     155       3      85      84      99
     156       3      85      99     100
     157       3      85     100     101
     158       3     101      86      85
     159       3     102      86     101
     160       3     102     103      86
     161       3     103      87      86
     162       3      87     103     104
     163       3      87     104      88
     164       3     105      88     104
     165       3     105     106      88
     166       3     106      89      88
     167       3      89     106     107
     168       3      89     107      90
     169       3     108      90     107
     170       3      90     108      91
     171       3      91     108     109
     172       3      91     109     110
     173       3      91     110      92
     174       3      96      95      94
     175       3      98     111     100
     176       3      99      98     100
     177       3     112     100     111
     178       3     101     100     112
     179       3     101     112     102
     180       3     102     112     113
     181       3     113     103     102
     182       3     113     114     103
     183       3     103     114     104
     184       3     115     104     114
     185       3     115     105     104
     186       3     116     105     115
     187       3     116     117     105
     188       3     117     106     105
     189       3     106     117     107
     190       3     107     117     118
     191       3     118     108     107
     192       3     119     108     118
     193       3     119     109     108
     194       3     120     112     111
     195       3     112     120     121
     196       3     112     121     113
     197       3     122     113     121
     198       3     122     114     113
     199       3     122     115     114
     200       3     115     122     123
     201       3     123     116     115
     202       3     124     116     123
     203       3     124     125     116
     204       3     125     126     116
     205       3     126     117     116
     206       3     117     126     118
     207       3     118     126     119
     208       3     121     120     127
     209       3     128     121     127
     210       3     129     121     128
     211       3     129     122     121
     212       3     123     122     129
     213       3     123     129     130
     214       3     123     130     124
     215       3     131     129     128
     216       3     132     129     131
     217       3     129     132     130
 0                    ! Number of open boundaries                               
 0                   ! Total number of open boundary nodes                      
 1 = Number of land boundaries                                                  
 6 = Total number of land boundary nodes                                        
       6       0  = Number of nodes for land boundary 1                         
      82
      64
      49
      34
      18
       6
