RES NODE           7          91
                   8           9          11          12          13          18
                  20          21          22          23          24          25
                  26          27          28          29          33          34
                  37          38          39          40          41          42
                  43          44          45          46          47          48
                  49          51          52          53          54          55
                  56          57          58          59          60          61
                  62          63          64          66          67          68
                  69          70          71          72          73          74
                  75          76          77          78          79          80
                  81          84          85          86          87          88
                  89          90          91          95          99         100
                 101         102         103         104         105         106
                 107         108         112         113         114         115
                 116         117         118         121         122         123
                 129
COMM PE            4
RECV PE            1           7
                   1           7          19          35          36          50
                  65
RECV PE            4          13
                   2           3           4           5           6          10
                  14          15          16          17          30          31
                  32
RECV PE            6          14
                  82          92          93          94          96          97
                 109         110         119         124         125         126
                 130         132
RECV PE           11           7
                  83          98         111         120         127         128
                 131
SEND PE            1           7
                   8          20          21          37          51          66
                  84
SEND PE            4          12
                   8           9          11          12          13          18
                  23          28          29          33          46          47
SEND PE            6          14
                  64          76          77          78          80          81
                  91          95         108         116         117         118
                 123         129
SEND PE           11           6
                  84          99         100         112         121         129
