 Shinacock Inlet Coarse Grid                                                    
     220     129
       1     -0.725785310585E+02      0.406652343805E+02      0.357923736572E+02
       2     -0.726113952963E+02      0.406837394036E+02      0.334888496399E+02
       3     -0.725686010240E+02      0.406715375715E+02      0.354042282104E+02
       4     -0.725751568178E+02      0.406782827150E+02      0.346727523804E+02
       5     -0.725870973102E+02      0.406756352311E+02      0.347231254578E+02
       6     -0.725988245698E+02      0.406827640906E+02      0.337008895874E+02
       7     -0.726045965188E+02      0.406926443346E+02      0.324461517334E+02
       8     -0.726155069506E+02      0.406934174446E+02      0.323353424072E+02
       9     -0.725495234771E+02      0.406740684502E+02      0.355671157837E+02
      10     -0.725584805001E+02      0.406716143686E+02      0.355381507874E+02
      11     -0.725640731207E+02      0.406800554733E+02      0.346599769592E+02
      12     -0.725674165877E+02      0.406872021562E+02      0.339308700562E+02
      13     -0.725736241204E+02      0.406900817387E+02      0.335685157776E+02
      14     -0.725810770175E+02      0.406852579078E+02      0.338595314026E+02
      15     -0.725888287374E+02      0.406878660007E+02      0.333048362732E+02
      16     -0.725954330013E+02      0.406946788368E+02      0.323785705566E+02
      17     -0.725998749358E+02      0.407038816986E+02      0.316924076080E+02
      18     -0.726085853052E+02      0.407003601488E+02      0.317524871826E+02
      19     -0.726077312182E+02      0.407087036397E+02      0.312044830322E+02
      20     -0.725409843036E+02      0.406799918087E+02      0.353106689453E+02
      21     -0.725480272774E+02      0.406826907254E+02      0.348072242737E+02
      22     -0.725554143514E+02      0.406814950240E+02      0.346528511047E+02
      23     -0.725590548358E+02      0.406902356242E+02      0.338326187134E+02
      24     -0.725652522607E+02      0.406972164091E+02      0.330928344727E+02
      25     -0.725722341317E+02      0.406986376427E+02      0.327832260132E+02
      26     -0.725802672683E+02      0.406956198120E+02      0.328434104919E+02
      27     -0.725872618406E+02      0.406980087517E+02      0.323894615173E+02
      28     -0.725911045797E+02      0.407048941071E+02      0.318652324677E+02
      29     -0.725939533407E+02      0.407139811454E+02      0.313097915649E+02
      30     -0.726013845267E+02      0.407135623356E+02      0.311279010773E+02
      31     -0.726075827030E+02      0.407188739540E+02      0.307538223267E+02
      32     -0.725368889657E+02      0.406906975564E+02      0.344754791260E+02
      33     -0.725435893777E+02      0.406886114257E+02      0.344355926514E+02
      34     -0.725505235959E+02      0.406900546558E+02      0.340998382568E+02
      35     -0.725517445773E+02      0.406974515812E+02      0.334567832947E+02
      36     -0.725580911847E+02      0.406995469457E+02      0.331024208069E+02
      37     -0.725602417657E+02      0.407076344106E+02      0.326605148315E+02
      38     -0.725677771391E+02      0.407064324724E+02      0.325456771851E+02
      39     -0.725751190536E+02      0.407044295146E+02      0.324306068420E+02
      40     -0.725816559696E+02      0.407063819221E+02      0.320779342651E+02
      41     -0.725865509563E+02      0.407122493344E+02      0.316794242859E+02
      42     -0.725862772162E+02      0.407200306152E+02      0.315771751404E+02
      43     -0.725921888464E+02      0.407231513836E+02      0.313039722443E+02
      44     -0.725993882829E+02      0.407220965656E+02      0.309503383636E+02
      45     -0.726048887477E+02      0.407294285919E+02      0.304225997925E+02
      46     -0.725360705181E+02      0.407006934959E+02      0.337225532532E+02
      47     -0.725433175946E+02      0.406972573638E+02      0.337394828796E+02
      48     -0.725466594539E+02      0.407037871499E+02      0.331186599731E+02
      49     -0.725529814323E+02      0.407053427590E+02      0.328275642395E+02
      50     -0.725533315743E+02      0.407120986873E+02      0.324982185364E+02
      51     -0.725566728933E+02      0.407173789599E+02      0.322473793030E+02
      52     -0.725642757736E+02      0.407150564375E+02      0.323749694824E+02
      53     -0.725727641050E+02      0.407131452951E+02      0.322123794556E+02
      54     -0.725798582301E+02      0.407160081236E+02      0.318989257813E+02
      55     -0.725795018335E+02      0.407246040296E+02      0.314773712158E+02
      56     -0.725861726214E+02      0.407286687821E+02      0.312732658386E+02
      57     -0.725953060750E+02      0.407303940115E+02      0.309771480560E+02
      58     -0.725999727630E+02      0.407367029523E+02      0.304646530151E+02
      59     -0.726067238168E+02      0.407399102286E+02      0.298418445587E+02
      60     -0.725316588967E+02      0.407090365666E+02      0.332555656433E+02
      61     -0.725399032435E+02      0.407077253293E+02      0.330459518433E+02
      62     -0.725469547202E+02      0.407108916526E+02      0.326778755188E+02
      63     -0.725491112756E+02      0.407183268599E+02      0.322395858765E+02
      64     -0.725517738645E+02      0.407257266500E+02      0.316438121796E+02
      65     -0.725601467542E+02      0.407235220063E+02      0.317986965179E+02
      66     -0.725675774964E+02      0.407222219138E+02      0.318602828979E+02
      67     -0.725740503593E+02      0.407212873497E+02      0.317867412567E+02
      68     -0.725716894634E+02      0.407296463850E+02      0.312353992462E+02
      69     -0.725785439039E+02      0.407314494950E+02      0.309734725952E+02
      70     -0.725818682707E+02      0.407365093174E+02      0.303668575287E+02
      71     -0.725886249349E+02      0.407350268824E+02      0.305713539124E+02
      72     -0.725934334331E+02      0.407389592929E+02      0.305419979095E+02
      73     -0.725984181309E+02      0.407449369190E+02      0.296911487579E+02
      74     -0.726048355107E+02      0.407491429669E+02      0.288910846710E+02
      75     -0.725352353217E+02      0.407156942422E+02      0.326269836426E+02
      76     -0.725421324404E+02      0.407162719684E+02      0.324934654236E+02
      77     -0.725440923228E+02      0.407239922880E+02      0.319666194916E+02
      78     -0.725447271923E+02      0.407312724234E+02      0.313096866608E+02
      79     -0.725512437805E+02      0.407346225181E+02      0.307616825104E+02
      80     -0.725570471947E+02      0.407305502780E+02      0.312342357635E+02
      81     -0.725639302137E+02      0.407304605116E+02      0.312230815887E+02
      82     -0.725670660986E+02      0.407376433369E+02      0.303774528503E+02
      83     -0.725743303585E+02      0.407377479547E+02      0.303154277802E+02
      84     -0.725788571351E+02      0.407436924777E+02      0.293412113190E+02
      85     -0.725860205017E+02      0.407415882046E+02      0.298424873352E+02
      86     -0.725909206938E+02      0.407452359916E+02      0.293743057251E+02
      87     -0.725914350897E+02      0.407512957202E+02      0.280729770660E+02
      88     -0.725982052692E+02      0.407528359805E+02      0.280939788818E+02
      89     -0.725306931613E+02      0.407239021420E+02      0.321243858337E+02
      90     -0.725377299646E+02      0.407218931048E+02      0.322008895874E+02
      91     -0.725374324173E+02      0.407285151203E+02      0.317710514069E+02
      92     -0.725379711533E+02      0.407355486833E+02      0.309430255890E+02
      93     -0.725448226110E+02      0.407389866400E+02      0.303669376373E+02
      94     -0.725508689429E+02      0.407425860111E+02      0.298714466095E+02
      95     -0.725586515862E+02      0.407378491624E+02      0.302661514282E+02
      96     -0.725632831915E+02      0.407443456662E+02      0.295555515289E+02
      97     -0.725710463651E+02      0.407456159149E+02      0.292475757599E+02
      98     -0.725779165042E+02      0.407510271755E+02      0.276817932129E+02
      99     -0.725846109003E+02      0.407486707709E+02      0.281115474701E+02
     100     -0.725846670225E+02      0.407564488250E+02      0.264898109436E+02
     101     -0.725922589469E+02      0.407580007635E+02      0.263691291809E+02
     102     -0.725306901785E+02      0.407324282923E+02      0.314147453308E+02
     103     -0.725321880797E+02      0.407408176724E+02      0.304632987976E+02
     104     -0.725390697937E+02      0.407420937513E+02      0.301840915680E+02
     105     -0.725440051566E+02      0.407474357829E+02      0.296126232147E+02
     106     -0.725515945018E+02      0.407510443717E+02      0.292869110107E+02
     107     -0.725564777547E+02      0.407450261384E+02      0.295594425201E+02
     108     -0.725587843722E+02      0.407502372340E+02      0.291681900024E+02
     109     -0.725649468242E+02      0.407515902682E+02      0.287522602081E+02
     110     -0.725715082490E+02      0.407537016250E+02      0.274640197754E+02
     111     -0.725777371837E+02      0.407582599306E+02      0.259668731689E+02
     112     -0.725821207557E+02      0.407650641971E+02      0.247767486572E+02
     113     -0.725883986186E+02      0.407629128203E+02      0.251441402435E+02
     114     -0.725265172700E+02      0.407385940828E+02      0.308191452026E+02
     115     -0.725245788940E+02      0.407448485025E+02      0.302271156311E+02
     116     -0.725295574867E+02      0.407474499987E+02      0.297863674164E+02
     117     -0.725360211897E+02      0.407473246228E+02      0.296708641052E+02
     118     -0.725377809150E+02      0.407536565491E+02      0.290936813354E+02
     119     -0.725447926637E+02      0.407549329076E+02      0.290377540588E+02
     120     -0.725512367055E+02      0.407588169369E+02      0.281617813110E+02
     121     -0.725582599715E+02      0.407571864693E+02      0.282506694794E+02
     122     -0.725658404542E+02      0.407585851839E+02      0.273449325562E+02
     123     -0.725716523141E+02      0.407601110930E+02      0.260916347504E+02
     124     -0.725754315985E+02      0.407641906840E+02      0.251141567230E+02
     125     -0.725241138011E+02      0.407526818384E+02      0.294028072357E+02
     126     -0.725314073994E+02      0.407524335758E+02      0.292613449097E+02
     127     -0.725303970361E+02      0.407588903876E+02      0.285542049408E+02
     128     -0.725385636190E+02      0.407602810896E+02      0.284100589752E+02
     129     -0.725448847442E+02      0.407611842007E+02      0.281170310974E+02
       1       3       1       3       4
       2       3       1       4       5
       3       3       7       2       6
       4       3       8       2       7
       5       3      11       3      10
       6       3       4       3      11
       7       3       4      11      12
       8       3       4      12      13
       9       3       4      13      14
      10       3       5       4      14
      11       3       5      14      15
      12       3       6       5      15
      13       3       6      15      16
      14       3      16       7       6
      15       3      17       7      16
      16       3      17      18       7
      17       3      18       8       7
      18       3      20      21       9
      19       3       9      21      22
      20       3      10       9      22
      21       3      22      11      10
      22       3      11      22      23
      23       3      12      11      23
      24       3      24      12      23
      25       3      24      13      12
      26       3      24      25      13
      27       3      13      25      26
      28       3      14      13      26
      29       3      15      14      26
      30       3      15      26      27
      31       3      15      27      16
      32       3      16      27      28
      33       3      17      16      28
      34       3      29      17      28
      35       3      29      30      17
      36       3      17      30      19
      37       3      18      17      19
      38       3      31      19      30
      39       3      20      32      33
      40       3      21      20      33
      41       3      21      33      34
      42       3      22      21      34
      43       3      22      34      23
      44       3      23      34      35
      45       3      23      35      36
      46       3      36      24      23
      47       3      24      36      37
      48       3      24      37      38
      49       3      25      24      38
      50       3      25      38      39
      51       3      39      26      25
      52       3      39      40      26
      53       3      40      27      26
      54       3      40      28      27
      55       3      28      40      41
      56       3      28      41      29
      57       3      29      41      42
      58       3      29      42      43
      59       3      43      44      29
      60       3      44      30      29
      61       3      44      31      30
      62       3      31      44      45
      63       3      32      46      47
      64       3      33      32      47
      65       3      34      33      47
      66       3      34      47      35
      67       3      48      35      47
      68       3      48      49      35
      69       3      36      35      49
      70       3      36      49      37
      71       3      37      49      50
      72       3      37      50      51
      73       3      37      51      52
      74       3      38      37      52
      75       3      38      52      53
      76       3      39      38      53
      77       3      53      40      39
      78       3      53      54      40
      79       3      40      54      41
      80       3      41      54      42
      81       3      54      55      42
      82       3      42      55      56
      83       3      43      42      56
      84       3      43      56      57
      85       3      57      44      43
      86       3      45      44      57
      87       3      58      45      57
      88       3      59      45      58
      89       3      46      60      61
      90       3      61      47      46
      91       3      61      48      47
      92       3      62      48      61
      93       3      49      48      62
      94       3      49      62      50
      95       3      50      62      63
      96       3      50      63      51
      97       3      51      63      64
      98       3      51      64      65
      99       3      65      52      51
     100       3      65      66      52
     101       3      53      52      66
     102       3      53      66      67
     103       3      54      53      67
     104       3      54      67      55
     105       3      55      67      68
     106       3      55      68      69
     107       3      55      69      56
     108       3      70      56      69
     109       3      70      71      56
     110       3      71      57      56
     111       3      71      72      57
     112       3      72      58      57
     113       3      58      72      73
     114       3      73      59      58
     115       3      74      59      73
     116       3      61      60      75
     117       3      61      75      76
     118       3      76      62      61
     119       3      62      76      63
     120       3      76      77      63
     121       3      63      77      64
     122       3      64      77      78
     123       3      64      78      79
     124       3      64      79      80
     125       3      65      64      80
     126       3      80      81      65
     127       3      81      66      65
     128       3      66      81      68
     129       3      67      66      68
     130       3      82      68      81
     131       3      82      83      68
     132       3      83      69      68
     133       3      83      70      69
     134       3      70      83      84
     135       3      84      85      70
     136       3      85      71      70
     137       3      85      72      71
     138       3      85      86      72
     139       3      72      86      73
     140       3      73      86      87
     141       3      73      87      88
     142       3      88      74      73
     143       3      75      89      90
     144       3      76      75      90
     145       3      76      90      77
     146       3      77      90      91
     147       3      77      91      78
     148       3      92      78      91
     149       3      93      78      92
     150       3      93      79      78
     151       3      94      79      93
     152       3      94      95      79
     153       3      95      80      79
     154       3      95      81      80
     155       3      95      82      81
     156       3      82      95      96
     157       3      82      96      97
     158       3      83      82      97
     159       3      83      97      84
     160       3      84      97      98
     161       3      98      99      84
     162       3      99      85      84
     163       3      99      86      85
     164       3      99      87      86
     165       3      87      99     100
     166       3      87     100     101
     167       3      88      87     101
     168       3      89     102      91
     169       3      90      89      91
     170       3      92      91     102
     171       3     103      92     102
     172       3     103     104      92
     173       3     104      93      92
     174       3      93     104     105
     175       3      93     105      94
     176       3     106      94     105
     177       3     107      94     106
     178       3      95      94     107
     179       3      95     107      96
     180       3     108      96     107
     181       3     108     109      96
     182       3     109      97      96
     183       3     109     110      97
     184       3      97     110      98
     185       3      98     110     111
     186       3     111     100      98
     187       3     100      99      98
     188       3     112     100     111
     189       3     112     113     100
     190       3     113     101     100
     191       3     114     103     102
     192       3     115     103     114
     193       3     115     116     103
     194       3     116     117     103
     195       3     117     104     103
     196       3     104     117     105
     197       3     105     117     118
     198       3     105     118     119
     199       3     119     106     105
     200       3     106     119     120
     201       3     106     120     121
     202       3     108     106     121
     203       3     107     106     108
     204       3     109     108     121
     205       3     109     121     122
     206       3     110     109     122
     207       3     110     122     123
     208       3     110     123     111
     209       3     124     111     123
     210       3     124     112     111
     211       3     125     116     115
     212       3     125     126     116
     213       3     126     117     116
     214       3     126     118     117
     215       3     118     126     127
     216       3     118     127     128
     217       3     119     118     128
     218       3     119     128     129
     219       3     119     129     120
     220       3     127     126     125
 0                    ! Number of open boundaries                               
 0                   ! Total number of open boundary nodes                      
 0 = Number of land boundaries                                                  
 0 = Total number of land boundary nodes                                        
