RES NODE          11          93
                   4           7          11          12          13          14
                  15          16          17          21          22          23
                  24          25          26          27          28          29
                  30          33          34          35          36          37
                  38          39          40          41          42          43
                  44          47          48          49          50          51
                  52          53          54          55          56          57
                  58          61          62          63          64          65
                  66          67          68          69          70          71
                  72          73          76          77          78          79
                  80          81          82          83          84          85
                  86          87          90          91          92          93
                  94          95          96          97          98          99
                 100         103         104         105         106         107
                 108         109         110         111         116         117
                 118         119         126
COMM PE            5
RECV PE            1           7
                   1           2           3           5           6           9
                  10
RECV PE            6           4
                  74          88         101         113
RECV PE            7           6
                   8          18          19          31          45          59
RECV PE            8           9
                  20          32          46          60          75          89
                 102         114         115
RECV PE           10          10
                 112         120         121         122         123         124
                 125         127         128         129
SEND PE            1           8
                   4           7          11          14          15          16
                  21          22
SEND PE            6           3
                  73          87         100
SEND PE            7           7
                   7          17          30          44          57          58
                  73
SEND PE            8          10
                  21          33          47          61          76          90
                  91          92         103         116
SEND PE           10          10
                 100         106         108         109         110         111
                 116         118         119         126
