 Shinacock Inlet Coarse Grid                                                    
     226     134
       1     -0.725414475572E+02      0.406412830237E+02      0.381959037781E+02
       2     -0.724871245679E+02      0.406551975705E+02      0.388534965515E+02
       3     -0.724915936487E+02      0.406465045399E+02      0.390841445923E+02
       4     -0.725043633102E+02      0.406419212794E+02      0.388840255737E+02
       5     -0.725179622689E+02      0.406426764077E+02      0.385650749207E+02
       6     -0.725280723727E+02      0.406375609616E+02      0.386374664307E+02
       7     -0.725296031168E+02      0.406501814296E+02      0.378723831177E+02
       8     -0.725450742762E+02      0.406520728006E+02      0.375119705200E+02
       9     -0.725507799947E+02      0.406626071455E+02      0.366347618103E+02
      10     -0.724831526019E+02      0.406649812088E+02      0.384423866272E+02
      11     -0.724953163567E+02      0.406632934223E+02      0.381492004395E+02
      12     -0.725004920398E+02      0.406533489565E+02      0.384677391052E+02
      13     -0.725139413686E+02      0.406519880524E+02      0.381347579956E+02
      14     -0.725215210475E+02      0.406610812842E+02      0.374335327148E+02
      15     -0.725359715102E+02      0.406612497975E+02      0.371126518250E+02
      16     -0.725423639216E+02      0.406697281338E+02      0.362247543335E+02
      17     -0.725495234771E+02      0.406740684502E+02      0.355671157837E+02
      18     -0.724745870707E+02      0.406803372982E+02      0.376909294128E+02
      19     -0.724804097751E+02      0.406734929209E+02      0.379547615051E+02
      20     -0.724905949021E+02      0.406726467147E+02      0.376953201294E+02
      21     -0.725016680205E+02      0.406721683985E+02      0.374240455627E+02
      22     -0.725076149422E+02      0.406616285464E+02      0.377791175842E+02
      23     -0.725120924020E+02      0.406691348343E+02      0.372268753052E+02
      24     -0.725194066883E+02      0.406727813525E+02      0.368441390991E+02
      25     -0.725275786252E+02      0.406690964181E+02      0.368423919678E+02
      26     -0.725344356510E+02      0.406733166604E+02      0.361647529602E+02
      27     -0.725409843036E+02      0.406799918087E+02      0.353106689453E+02
      28     -0.725480272774E+02      0.406826907254E+02      0.348072242737E+02
      29     -0.724819003961E+02      0.406885620020E+02      0.367339859009E+02
      30     -0.724854973254E+02      0.406813881862E+02      0.372293663025E+02
      31     -0.724945957028E+02      0.406814476581E+02      0.369893646240E+02
      32     -0.725023905264E+02      0.406818647273E+02      0.367586975098E+02
      33     -0.725103758848E+02      0.406786925194E+02      0.367451362610E+02
      34     -0.725182816859E+02      0.406814723906E+02      0.361704826355E+02
      35     -0.725262001663E+02      0.406794888307E+02      0.359773178101E+02
      36     -0.725334601211E+02      0.406826466459E+02      0.353431739807E+02
      37     -0.725368889657E+02      0.406906975564E+02      0.344754791260E+02
      38     -0.725435893777E+02      0.406886114257E+02      0.344355926514E+02
      39     -0.724830604832E+02      0.406981937359E+02      0.357058105469E+02
      40     -0.724902425866E+02      0.406911048950E+02      0.363335304260E+02
      41     -0.724987066408E+02      0.406901563502E+02      0.361619186401E+02
      42     -0.725066092477E+02      0.406881802309E+02      0.360953826904E+02
      43     -0.725139729170E+02      0.406879511980E+02      0.358351745605E+02
      44     -0.725214802088E+02      0.406889388481E+02      0.353683357239E+02
      45     -0.725285741813E+02      0.406891591685E+02      0.349858741760E+02
      46     -0.725310260183E+02      0.406959316618E+02      0.343166961670E+02
      47     -0.725360705181E+02      0.407006934959E+02      0.337225532532E+02
      48     -0.725433175946E+02      0.406972573638E+02      0.337394828796E+02
      49     -0.724796165955E+02      0.407078020397E+02      0.347317504883E+02
      50     -0.724866329509E+02      0.407077135198E+02      0.346601257324E+02
      51     -0.724898710685E+02      0.407002371654E+02      0.354105186462E+02
      52     -0.724969965292E+02      0.406994184912E+02      0.354133262634E+02
      53     -0.725042317464E+02      0.406968124886E+02      0.354248352051E+02
      54     -0.725104995977E+02      0.406946130989E+02      0.353807601929E+02
      55     -0.725168286815E+02      0.406966489375E+02      0.349561386108E+02
      56     -0.725237921686E+02      0.406977435307E+02      0.345250320435E+02
      57     -0.725295453962E+02      0.407021777598E+02      0.339080276489E+02
      58     -0.725316588967E+02      0.407090365666E+02      0.332555656433E+02
      59     -0.725399032435E+02      0.407077253293E+02      0.330459518433E+02
      60     -0.724778774302E+02      0.407154840902E+02      0.340394935608E+02
      61     -0.724846224903E+02      0.407160787864E+02      0.338528480530E+02
      62     -0.724921049670E+02      0.407152655510E+02      0.338013153076E+02
      63     -0.724928616970E+02      0.407067101741E+02      0.346929740906E+02
      64     -0.724983199239E+02      0.407089825138E+02      0.343901062012E+02
      65     -0.725042227082E+02      0.407050502560E+02      0.346716461182E+02
      66     -0.725109598858E+02      0.407021629978E+02      0.346926727295E+02
      67     -0.725180567437E+02      0.407059893737E+02      0.340033302307E+02
      68     -0.725249622531E+02      0.407057895587E+02      0.337958297729E+02
      69     -0.725236078308E+02      0.407125112146E+02      0.331273498535E+02
      70     -0.725288145860E+02      0.407165908249E+02      0.326138114929E+02
      71     -0.725352353217E+02      0.407156942422E+02      0.326269836426E+02
      72     -0.725421324404E+02      0.407162719684E+02      0.324934654236E+02
      73     -0.724786815586E+02      0.407208850935E+02      0.335614318848E+02
      74     -0.724830409030E+02      0.407238102834E+02      0.332062149048E+02
      75     -0.724895553344E+02      0.407238537152E+02      0.330292358398E+02
      76     -0.724972074653E+02      0.407232080172E+02      0.329057960510E+02
      77     -0.724986542002E+02      0.407159854067E+02      0.336491203308E+02
      78     -0.725046479698E+02      0.407128915758E+02      0.337999839783E+02
      79     -0.725110714720E+02      0.407103032471E+02      0.338329391479E+02
      80     -0.725169026386E+02      0.407156705754E+02      0.330239372253E+02
      81     -0.725229909681E+02      0.407206113957E+02      0.323929634094E+02
      82     -0.725306931613E+02      0.407239021420E+02      0.321243858337E+02
      83     -0.725377299646E+02      0.407218931048E+02      0.322008895874E+02
      84     -0.725374324173E+02      0.407285151203E+02      0.317710514069E+02
      85     -0.725379711533E+02      0.407355486833E+02      0.309430255890E+02
      86     -0.724661333670E+02      0.407365989185E+02      0.329149055481E+02
      87     -0.724697864382E+02      0.407291033098E+02      0.331768226624E+02
      88     -0.724767781179E+02      0.407272166397E+02      0.330270080566E+02
      89     -0.724832715189E+02      0.407303831940E+02      0.326533050537E+02
      90     -0.724889385098E+02      0.407316069314E+02      0.324278526306E+02
      91     -0.724950902329E+02      0.407301826394E+02      0.323824691772E+02
      92     -0.725026584952E+02      0.407308467344E+02      0.320917739868E+02
      93     -0.725042344859E+02      0.407241295550E+02      0.325850486755E+02
      94     -0.725031267012E+02      0.407191270877E+02      0.331748123169E+02
      95     -0.725100517752E+02      0.407188959785E+02      0.329377212524E+02
      96     -0.725160669488E+02      0.407248770641E+02      0.321597023010E+02
      97     -0.725236957538E+02      0.407278755838E+02      0.317905769348E+02
      98     -0.725306901785E+02      0.407324282923E+02      0.314147453308E+02
      99     -0.725321880797E+02      0.407408176724E+02      0.304632987976E+02
     100     -0.724647836129E+02      0.407442310454E+02      0.328724517822E+02
     101     -0.724721803575E+02      0.407426313334E+02      0.324017524719E+02
     102     -0.724714772178E+02      0.407359194432E+02      0.327361869812E+02
     103     -0.724772358654E+02      0.407349924885E+02      0.325567970276E+02
     104     -0.724852044980E+02      0.407380610937E+02      0.320843963623E+02
     105     -0.724919221359E+02      0.407365498274E+02      0.319978427887E+02
     106     -0.724981128628E+02      0.407370087226E+02      0.317700366974E+02
     107     -0.725056068353E+02      0.407387196896E+02      0.313919200897E+02
     108     -0.725106331006E+02      0.407325510485E+02      0.316938190460E+02
     109     -0.725090923595E+02      0.407264123866E+02      0.322455902100E+02
     110     -0.725175497253E+02      0.407328875928E+02      0.314908103943E+02
     111     -0.725236808510E+02      0.407341665339E+02      0.312908039093E+02
     112     -0.725265172700E+02      0.407385940828E+02      0.308191452026E+02
     113     -0.725245788940E+02      0.407448485025E+02      0.302271156311E+02
     114     -0.725295574867E+02      0.407474499987E+02      0.297863674164E+02
     115     -0.724703994046E+02      0.407511782543E+02      0.323014640808E+02
     116     -0.724773095698E+02      0.407483134800E+02      0.318083114624E+02
     117     -0.724792681288E+02      0.407418442078E+02      0.320504074097E+02
     118     -0.724848987947E+02      0.407454976835E+02      0.315465049744E+02
     119     -0.724921908346E+02      0.407434665012E+02      0.314335613251E+02
     120     -0.724991927727E+02      0.407430133339E+02      0.312616615295E+02
     121     -0.725036595248E+02      0.407459022625E+02      0.308581542969E+02
     122     -0.725098040274E+02      0.407455790791E+02      0.306868934631E+02
     123     -0.725133758676E+02      0.407396301856E+02      0.310416679382E+02
     124     -0.725200301298E+02      0.407399210068E+02      0.308300495148E+02
     125     -0.725174379445E+02      0.407472066548E+02      0.302571220398E+02
     126     -0.725241138011E+02      0.407526818384E+02      0.294028072357E+02
     127     -0.724774302919E+02      0.407560798297E+02      0.314545707703E+02
     128     -0.724827672240E+02      0.407512391166E+02      0.312817859650E+02
     129     -0.724900112285E+02      0.407509952548E+02      0.308828525543E+02
     130     -0.724977283419E+02      0.407499211771E+02      0.306873130798E+02
     131     -0.725052391944E+02      0.407519273582E+02      0.302440662384E+02
     132     -0.725116918391E+02      0.407517901798E+02      0.300181369781E+02
     133     -0.725168552029E+02      0.407551970331E+02      0.294834766388E+02
     134     -0.725088187199E+02      0.407585648729E+02      0.295934543610E+02
       1       3       1       6       7
       2       3       1       7       8
       3       3       2      10      11
       4       3       2      11      12
       5       3       3       2      12
       6       3       4       3      12
       7       3       4      12      13
       8       3       5       4      13
       9       3       5      13       7
      10       3       6       5       7
      11       3       7      13      14
      12       3       7      14      15
      13       3       8       7      15
      14       3       8      15       9
      15       3      16       9      15
      16       3      17       9      16
      17       3      20      10      19
      18       3      11      10      20
      19       3      21      11      20
      20       3      22      11      21
      21       3      12      11      22
      22       3      13      12      22
      23       3      13      22      14
      24       3      23      14      22
      25       3      24      14      23
      26       3      14      24      25
      27       3      14      25      15
      28       3      15      25      26
      29       3      26      16      15
      30       3      16      26      27
      31       3      27      17      16
      32       3      27      28      17
      33       3      30      18      29
      34       3      18      30      19
      35       3      20      19      30
      36       3      20      30      31
      37       3      21      20      31
      38       3      21      31      32
      39       3      21      32      33
      40       3      23      21      33
      41       3      22      21      23
      42       3      24      23      33
      43       3      24      33      34
      44       3      24      34      35
      45       3      25      24      35
      46       3      35      26      25
      47       3      35      36      26
      48       3      26      36      27
      49       3      27      36      37
      50       3      27      37      38
      51       3      28      27      38
      52       3      40      29      39
      53       3      29      40      30
      54       3      40      31      30
      55       3      40      41      31
      56       3      32      31      41
      57       3      32      41      42
      58       3      33      32      42
      59       3      33      42      43
      60       3      34      33      43
      61       3      34      43      44
      62       3      35      34      44
      63       3      44      45      35
      64       3      45      36      35
      65       3      36      45      37
      66       3      46      37      45
      67       3      46      47      37
      68       3      37      47      48
      69       3      38      37      48
      70       3      49      50      39
      71       3      51      39      50
      72       3      40      39      51
      73       3      40      51      52
      74       3      41      40      52
      75       3      52      53      41
      76       3      53      42      41
      77       3      53      54      42
      78       3      42      54      43
      79       3      55      43      54
      80       3      44      43      55
      81       3      44      55      56
      82       3      56      45      44
      83       3      56      46      45
      84       3      46      56      57
      85       3      47      46      57
      86       3      47      57      58
      87       3      47      58      59
      88       3      59      48      47
      89       3      60      61      49
      90       3      61      50      49
      91       3      50      61      62
      92       3      63      50      62
      93       3      51      50      63
      94       3      52      51      63
      95       3      52      63      64
      96       3      52      64      65
      97       3      53      52      65
      98       3      66      53      65
      99       3      53      66      54
     100       3      66      55      54
     101       3      55      66      67
     102       3      56      55      67
     103       3      56      67      68
     104       3      56      68      57
     105       3      57      68      58
     106       3      58      68      69
     107       3      58      69      70
     108       3      58      70      71
     109       3      59      58      71
     110       3      59      71      72
     111       3      61      60      73
     112       3      61      73      74
     113       3      61      74      75
     114       3      62      61      75
     115       3      62      75      76
     116       3      77      62      76
     117       3      62      77      64
     118       3      62      64      63
     119       3      78      64      77
     120       3      65      64      78
     121       3      65      78      79
     122       3      66      65      79
     123       3      66      79      67
     124       3      80      67      79
     125       3      67      80      69
     126       3      68      67      69
     127       3      69      80      81
     128       3      81      70      69
     129       3      82      70      81
     130       3      71      70      82
     131       3      71      82      83
     132       3      72      71      83
     133       3      88      74      73
     134       3      88      89      74
     135       3      89      75      74
     136       3      89      90      75
     137       3      90      91      75
     138       3      91      76      75
     139       3      91      92      76
     140       3      92      93      76
     141       3      76      93      94
     142       3      76      94      77
     143       3      78      77      94
     144       3      94      95      78
     145       3      95      79      78
     146       3      95      80      79
     147       3      80      95      96
     148       3      80      96      81
     149       3      81      96      97
     150       3      97      82      81
     151       3      98      82      97
     152       3      82      98      84
     153       3      83      82      84
     154       3      85      84      98
     155       3      99      85      98
     156       3     100     101      86
     157       3     101     102      86
     158       3      86     102      87
     159       3      87     102     103
     160       3      88      87     103
     161       3      89      88     103
     162       3      89     103     104
     163       3      90      89     104
     164       3      90     104     105
     165       3      91      90     105
     166       3      91     105     106
     167       3      92      91     106
     168       3      92     106     107
     169       3     108      92     107
     170       3      92     108     109
     171       3      92     109      93
     172       3      95      93     109
     173       3      95      94      93
     174       3      95     109      96
     175       3     108      96     109
     176       3     108     110      96
     177       3      97      96     110
     178       3      97     110     111
     179       3     111      98      97
     180       3     112      98     111
     181       3     112      99      98
     182       3     113      99     112
     183       3     113     114      99
     184       3     115     101     100
     185       3     101     115     116
     186       3     117     101     116
     187       3     103     101     117
     188       3     103     102     101
     189       3     104     103     117
     190       3     104     117     118
     191       3     118     119     104
     192       3     119     105     104
     193       3     119     106     105
     194       3     119     120     106
     195       3     107     106     120
     196       3     107     120     121
     197       3     121     122     107
     198       3     122     123     107
     199       3     108     107     123
     200       3     110     108     123
     201       3     110     123     124
     202       3     111     110     124
     203       3     111     124     112
     204       3     112     124     113
     205       3     124     125     113
     206       3     113     125     126
     207       3     126     114     113
     208       3     127     116     115
     209       3     128     116     127
     210       3     118     116     128
     211       3     118     117     116
     212       3     128     129     118
     213       3     129     119     118
     214       3     119     129     130
     215       3     120     119     130
     216       3     130     121     120
     217       3     130     131     121
     218       3     122     121     131
     219       3     122     131     132
     220       3     125     122     132
     221       3     122     125     123
     222       3     125     124     123
     223       3     125     132     133
     224       3     125     133     126
     225       3     134     132     131
     226       3     134     133     132
 0                    ! Number of open boundaries                               
 0                   ! Total number of open boundary nodes                      
 0 = Number of land boundaries                                                  
 0 = Total number of land boundary nodes                                        
