RES NODE           8          94
                   7          11          12          13          14          15
                  16          20          21          22          23          24
                  25          26          27          30          31          32
                  33          34          35          36          37          40
                  41          42          43          44          45          46
                  47          50          51          52          53          54
                  55          56          57          58          61          62
                  63          64          65          66          67          68
                  69          70          71          74          75          76
                  77          78          79          80          81          82
                  89          90          91          92          93          94
                  95          96          97          98         101         102
                 103         104         105         106         107         108
                 109         110         111         112         113         116
                 117         118         119         120         121         122
                 123         124         125         132
COMM PE            7
RECV PE            1           4
                   1           8           9          17
RECV PE            2           4
                   3           4           5           6
RECV PE            9          12
                   2          10          18          19          29          39
                  49          60          73          86          87          88
RECV PE           10           2
                 126         133
RECV PE           11          10
                  28          38          48          59          72          83
                  84          85          99         114
RECV PE           14           6
                 127         128         129         130         131         134
RECV PE           15           2
                 100         115
SEND PE            1           4
                   7          15          16          27
SEND PE            2           3
                   7          12          13
SEND PE            9          13
                  11          12          20          30          40          50
                  51          61          74          89         101         102
                 103
SEND PE           10           3
                 113         125         132
SEND PE           11           9
                  27          37          47          58          71          82
                  98         112         113
SEND PE           14           7
                 116         118         119         120         121         122
                 132
SEND PE           15           2
                 101         116
