 Shinacock Inlet Coarse Grid                                                    
     205     127
       1     -0.724652050913E+02      0.408022661891E+02      0.254970302582E+02
       2     -0.724786224895E+02      0.407959812776E+02      0.252424354553E+02
       3     -0.724664126642E+02      0.408075332279E+02      0.242761287689E+02
       4     -0.724713228794E+02      0.408040372512E+02      0.238484249115E+02
       5     -0.724719425184E+02      0.407990324650E+02      0.250079402924E+02
       6     -0.724784534059E+02      0.408029419300E+02      0.200804843903E+02
       7     -0.724860431521E+02      0.407996216252E+02      0.210207901001E+02
       8     -0.724684399822E+02      0.408121318194E+02      0.223458080292E+02
       9     -0.724736528209E+02      0.408082685235E+02      0.230420551300E+02
      10     -0.724802891111E+02      0.408096773002E+02      0.213550033569E+02
      11     -0.724848547729E+02      0.408054554044E+02      0.194371490479E+02
      12     -0.724922239200E+02      0.408057170192E+02      0.212348594666E+02
      13     -0.724695200758E+02      0.408166370802E+02      0.202787685394E+02
      14     -0.724744877363E+02      0.408131882773E+02      0.214465293884E+02
      15     -0.724794225412E+02      0.408154145949E+02      0.197910442352E+02
      16     -0.724845712215E+02      0.408142794406E+02      0.197524890900E+02
      17     -0.724875019380E+02      0.408100402477E+02      0.191022491455E+02
      18     -0.724937268022E+02      0.408117435382E+02      0.186748657227E+02
      19     -0.724993881182E+02      0.408096842950E+02      0.191835079193E+02
      20     -0.725043235228E+02      0.408149160013E+02      0.162061004639E+02
      21     -0.724701994653E+02      0.408206794949E+02      0.187889175415E+02
      22     -0.724745858148E+02      0.408178930672E+02      0.190110130310E+02
      23     -0.724788835059E+02      0.408200743926E+02      0.175124092102E+02
      24     -0.724835610878E+02      0.408188096693E+02      0.171516494751E+02
      25     -0.724886062811E+02      0.408183542174E+02      0.166186828613E+02
      26     -0.724898569791E+02      0.408145111402E+02      0.184507102966E+02
      27     -0.724944226562E+02      0.408175682401E+02      0.166174087524E+02
      28     -0.724986039053E+02      0.408148824194E+02      0.172244319916E+02
      29     -0.725007050201E+02      0.408198848947E+02      0.146061840057E+02
      30     -0.725066067716E+02      0.408208168317E+02      0.133565778732E+02
      31     -0.724709067707E+02      0.408241210018E+02      0.172863235474E+02
      32     -0.724747258444E+02      0.408219983317E+02      0.171393070221E+02
      33     -0.724785211477E+02      0.408242871346E+02      0.153862819672E+02
      34     -0.724823945146E+02      0.408226498398E+02      0.155449962616E+02
      35     -0.724871626904E+02      0.408223987348E+02      0.151149606705E+02
      36     -0.724918876010E+02      0.408217775323E+02      0.147799215317E+02
      37     -0.724962616850E+02      0.408218956368E+02      0.141987762451E+02
      38     -0.724989016772E+02      0.408252548380E+02      0.105663366318E+02
      39     -0.725032797203E+02      0.408250086065E+02      0.970422840120E+01
      40     -0.725081986554E+02      0.408270576945E+02      0.611082220080E+01
      41     -0.724746561013E+02      0.408254995830E+02      0.156179904938E+02
      42     -0.724771015036E+02      0.408273333595E+02      0.145196886063E+02
      43     -0.724793878851E+02      0.408284390568E+02      0.113330345154E+02
      44     -0.724818341668E+02      0.408263240841E+02      0.145671358109E+02
      45     -0.724847762628E+02      0.408250855931E+02      0.143016633987E+02
      46     -0.724875625882E+02      0.408265127080E+02      0.130971078873E+02
      47     -0.724906938261E+02      0.408255131253E+02      0.127772874832E+02
      48     -0.724946716472E+02      0.408255899351E+02      0.114576978683E+02
      49     -0.724966667011E+02      0.408296337058E+02      0.790132141110E+01
      50     -0.725001681443E+02      0.408298713579E+02      0.682569265370E+01
      51     -0.725039159036E+02      0.408295222882E+02      0.482780456540E+01
      52     -0.725057230000E+02      0.408326660000E+02      0.136844861510E+01
      53     -0.725099540000E+02      0.408313440000E+02      0.156366086010E+01
      54     -0.724753328950E+02      0.408289938029E+02      0.116837329865E+02
      55     -0.724772138842E+02      0.408303790807E+02      0.757108926770E+01
      56     -0.724788093318E+02      0.408320379393E+02      0.566597843170E+01
      57     -0.724807378136E+02      0.408316949175E+02      0.501788806920E+01
      58     -0.724814859965E+02      0.408294351297E+02      0.788791942600E+01
      59     -0.724832290376E+02      0.408292536159E+02      0.936802482600E+01
      60     -0.724849442974E+02      0.408279681234E+02      0.124400033951E+02
      61     -0.724871136786E+02      0.408299105153E+02      0.770223283770E+01
      62     -0.724898031174E+02      0.408290053790E+02      0.877320575710E+01
      63     -0.724930524088E+02      0.408288848931E+02      0.874244499210E+01
      64     -0.724944234374E+02      0.408324337116E+02      0.574928665160E+01
      65     -0.724972480000E+02      0.408352550000E+02      0.335867792400E+00
      66     -0.725015070000E+02      0.408340380000E+02      0.680588245400E+00
      67     -0.724751339525E+02      0.408317845430E+02      0.651098442080E+01
      68     -0.724767775858E+02      0.408331537116E+02      0.553086662290E+01
      69     -0.724782878527E+02      0.408346784815E+02      0.657303428650E+01
      70     -0.724802006267E+02      0.408341111405E+02      0.558467054370E+01
      71     -0.724822135601E+02      0.408338900555E+02      0.393849420550E+01
      72     -0.724828498521E+02      0.408316142386E+02      0.424096584320E+01
      73     -0.724849135916E+02      0.408310693385E+02      0.398329830170E+01
      74     -0.724865075193E+02      0.408329641730E+02      0.350403618810E+01
      75     -0.724887834785E+02      0.408320814792E+02      0.438154554370E+01
      76     -0.724913833543E+02      0.408316505613E+02      0.612845325470E+01
      77     -0.724920987954E+02      0.408340852910E+02      0.251164293290E+01
      78     -0.724935963231E+02      0.408357510679E+02     -0.116686451440E+01
      79     -0.724742141877E+02      0.408363714490E+02      0.246558239620E+01
      80     -0.724746651861E+02      0.408342422990E+02      0.432729005810E+01
      81     -0.724763465634E+02      0.408356432369E+02      0.526280450820E+01
      82     -0.724780064535E+02      0.408368679760E+02      0.949495124820E+01
      83     -0.724796849322E+02      0.408363331075E+02      0.540879678730E+01
      84     -0.724815147104E+02      0.408360248897E+02      0.565160226820E+01
      85     -0.724835330304E+02      0.408358884351E+02      0.460910844800E+01
      86     -0.724843489720E+02      0.408336405322E+02      0.406403350830E+01
      87     -0.724857124157E+02      0.408358128139E+02      0.370525074010E+01
      88     -0.724877474643E+02      0.408352648538E+02      0.284616470340E+01
      89     -0.724898566335E+02      0.408344659953E+02      0.236693668370E+01
      90     -0.724908625366E+02      0.408365148371E+02     -0.367829680400E+00
      91     -0.724748627047E+02      0.408381047373E+02      0.200321102140E+01
      92     -0.724755473169E+02      0.408374692116E+02      0.510944583370E+01
      93     -0.724766204567E+02      0.408376520182E+02      0.921079826350E+01
      94     -0.724773623956E+02      0.408384902060E+02      0.640818931690E+01
      95     -0.724782703294E+02      0.408385483614E+02      0.502181668520E+01
      96     -0.724793977962E+02      0.408382559764E+02      0.425714731220E+01
      97     -0.724808642065E+02      0.408378623280E+02      0.610105085370E+01
      98     -0.724825752273E+02      0.408376546311E+02      0.433537483220E+01
      99     -0.724845795450E+02      0.408378074505E+02      0.244885352120E+01
     100     -0.724869046760E+02      0.408385979213E+02     -0.852934837300E+00
     101     -0.724888627754E+02      0.408375563794E+02     -0.144585740570E+01
     102     -0.724748528982E+02      0.408391442256E+02      0.175613832810E+01
     103     -0.724757460916E+02      0.408392001119E+02      0.596525183680E+01
     104     -0.724765529250E+02      0.408391396261E+02      0.617521398740E+01
     105     -0.724770451038E+02      0.408397875990E+02      0.611257426180E+01
     106     -0.724777111162E+02      0.408395477852E+02      0.344829583170E+01
     107     -0.724779330011E+02      0.408395477852E+02      0.280272228440E+01
     108     -0.724787764986E+02      0.408396420370E+02      0.267830970540E+01
     109     -0.724796452673E+02      0.408399604104E+02      0.295590235250E+01
     110     -0.724805074700E+02      0.408394647923E+02      0.388012397170E+01
     111     -0.724816922246E+02      0.408392228563E+02      0.360461616680E+01
     112     -0.724830252056E+02      0.408390081616E+02      0.246158388650E+01
     113     -0.724837828750E+02      0.408397828438E+02      0.105611583720E+01
     114     -0.724848000000E+02      0.408393959997E+02      0.833827495600E+00
     115     -0.724748425718E+02      0.408402388194E+02      0.135492885110E+01
     116     -0.724756789746E+02      0.408407967524E+02      0.523621799060E+01
     117     -0.724763457929E+02      0.408403959745E+02      0.941615486150E+01
     118     -0.724777123201E+02      0.408401528589E+02      0.182344196280E+01
     119     -0.724779965683E+02      0.408401343619E+02      0.234641459210E+01
     120     -0.724783197242E+02      0.408406876676E+02      0.115917980670E+01
     121     -0.724790126790E+02      0.408408914778E+02      0.143607444390E+01
     122     -0.724797452096E+02      0.408411069280E+02      0.161978757380E+01
     123     -0.724804791039E+02      0.408409391807E+02      0.214278573060E+01
     124     -0.724812126211E+02      0.408407715197E+02      0.259886169430E+01
     125     -0.724821713490E+02      0.408404011020E+02      0.178917679660E+01
     126     -0.724830573669E+02      0.408400587769E+02      0.101470172410E+01
     127     -0.724748989691E+02      0.408410208945E+02      0.349481824800E+00
       1       3       1       3       4
       2       3       5       1       4
       3       3       2       5       6
       4       3       7       2       6
       5       3       8       9       3
       6       3       9       4       3
       7       3       9       6       4
       8       3       5       4       6
       9       3       9      10       6
      10       3      11       6      10
      11       3       7       6      11
      12       3      11      12       7
      13       3       8      13      14
      14       3       9       8      14
      15       3       9      14      10
      16       3      15      10      14
      17       3      16      10      15
      18       3      16      17      10
      19       3      11      10      17
      20       3      17      12      11
      21       3      17      18      12
      22       3      18      19      12
      23       3      21      22      13
      24       3      22      14      13
      25       3      22      15      14
      26       3      22      23      15
      27       3      23      24      15
      28       3      24      16      15
      29       3      24      25      16
      30       3      25      26      16
      31       3      26      17      16
      32       3      26      18      17
      33       3      26      27      18
      34       3      28      18      27
      35       3      18      28      19
      36       3      19      28      20
      37       3      20      28      29
      38       3      20      29      30
      39       3      21      31      32
      40       3      22      21      32
      41       3      23      22      32
      42       3      23      32      33
      43       3      23      33      34
      44       3      24      23      34
      45       3      35      24      34
      46       3      25      24      35
      47       3      35      36      25
      48       3      25      36      27
      49       3      27      26      25
      50       3      27      36      37
      51       3      37      29      27
      52       3      28      27      29
      53       3      37      38      29
      54       3      38      39      29
      55       3      39      30      29
      56       3      40      30      39
      57       3      41      32      31
      58       3      33      32      41
      59       3      41      42      33
      60       3      43      33      42
      61       3      43      44      33
      62       3      34      33      44
      63       3      45      34      44
      64       3      34      45      35
      65       3      46      35      45
      66       3      35      46      47
      67       3      36      35      47
      68       3      48      36      47
      69       3      48      37      36
      70       3      38      37      48
      71       3      38      48      49
      72       3      50      38      49
      73       3      50      39      38
      74       3      51      39      50
      75       3      51      40      39
      76       3      40      51      52
      77       3      40      52      53
      78       3      41      54      42
      79       3      42      54      55
      80       3      43      42      55
      81       3      43      55      56
      82       3      43      56      57
      83       3      43      57      58
      84       3      43      58      44
      85       3      59      44      58
      86       3      59      60      44
      87       3      60      45      44
      88       3      46      45      60
      89       3      46      60      61
      90       3      46      61      62
      91       3      46      62      47
      92       3      63      47      62
      93       3      48      47      63
      94       3      49      48      63
      95       3      64      49      63
      96       3      64      65      49
      97       3      50      49      65
      98       3      66      50      65
      99       3      51      50      66
     100       3      51      66      52
     101       3      67      55      54
     102       3      67      68      55
     103       3      55      68      56
     104       3      69      56      68
     105       3      69      70      56
     106       3      56      70      57
     107       3      71      57      70
     108       3      71      72      57
     109       3      58      57      72
     110       3      59      58      72
     111       3      59      72      73
     112       3      59      73      60
     113       3      60      73      61
     114       3      74      61      73
     115       3      74      75      61
     116       3      61      75      62
     117       3      76      62      75
     118       3      76      63      62
     119       3      76      64      63
     120       3      76      77      64
     121       3      78      64      77
     122       3      64      78      65
     123       3      67      80      68
     124       3      68      80      81
     125       3      69      68      81
     126       3      69      81      82
     127       3      69      82      83
     128       3      69      83      70
     129       3      84      70      83
     130       3      71      70      84
     131       3      71      84      85
     132       3      71      85      86
     133       3      71      86      72
     134       3      72      86      73
     135       3      74      73      86
     136       3      74      86      87
     137       3      74      87      88
     138       3      74      88      75
     139       3      75      88      89
     140       3      76      75      89
     141       3      76      89      77
     142       3      90      77      89
     143       3      78      77      90
     144       3      91      92      79
     145       3      92      81      79
     146       3      81      80      79
     147       3      92      93      81
     148       3      82      81      93
     149       3      94      82      93
     150       3      95      82      94
     151       3      96      82      95
     152       3      83      82      96
     153       3      83      96      97
     154       3      97      84      83
     155       3      98      84      97
     156       3      85      84      98
     157       3      85      98      99
     158       3      85      99      87
     159       3      87      86      85
     160       3     100      87      99
     161       3      87     100      88
     162       3     101      88     100
     163       3     101      89      88
     164       3     101      90      89
     165       3      91     102      92
     166       3     102     103      92
     167       3     103      93      92
     168       3     103     104      93
     169       3     104      94      93
     170       3      94     104     105
     171       3     106      94     105
     172       3     106      95      94
     173       3     106     107      95
     174       3      95     107     108
     175       3     108      96      95
     176       3      96     108     109
     177       3      96     109     110
     178       3      96     110      97
     179       3      97     110     111
     180       3     111      98      97
     181       3     112      98     111
     182       3      99      98     112
     183       3      99     112     113
     184       3      99     113     114
     185       3     114     100      99
     186       3     102     115     103
     187       3     116     103     115
     188       3     116     117     103
     189       3     104     103     117
     190       3     104     117     105
     191       3     106     105     118
     192       3     107     119     108
     193       3     120     108     119
     194       3     108     120     121
     195       3     121     109     108
     196       3     121     122     109
     197       3     109     122     123
     198       3     110     109     123
     199       3     110     123     124
     200       3     111     110     124
     201       3     111     124     125
     202       3     112     111     125
     203       3     112     125     126
     204       3     113     112     126
     205       3     127     116     115
 0                    ! Number of open boundaries                               
 0                   ! Total number of open boundary nodes                      
 1 = Number of land boundaries                                                  
 25 = Total number of land boundary nodes                                       
      25       0  = Number of nodes for land boundary 1                         
      91
     102
     115
     127
     118
     106
     107
     119
     120
     121
     122
     123
     124
     125
     126
     113
     114
     100
     101
      90
      78
      65
      66
      52
      53
