RES NODE          13         101
                   4           6           9          10          11          14
                  15          16          17          18          22          23
                  24          25          26          27          28          29
                  32          33          34          35          36          37
                  38          39          42          43          44          45
                  46          47          48          49          50          51
                  52          55          56          57          58          59
                  60          61          62          63          64          65
                  66          68          69          70          71          72
                  73          74          75          76          77          78
                  81          82          83          84          85          86
                  87          88          89          90          92          93
                  94          95          96          97          98          99
                 100         101         102         103         104         106
                 107         108         109         110         111         112
                 113         114         115         119         120         121
                 122         123         124         125         126
COMM PE            4
RECV PE           12          11
                   3           8          13          21          31          41
                  54          67          79          80          91
RECV PE           14           8
                   2           7          12          19          20          30
                  40          53
RECV PE           15           2
                   1           5
RECV PE           23           5
                 105         116         117         118         127
SEND PE           12          12
                   4           9          14          22          32          33
                  42          55          68          81          92         102
SEND PE           14           9
                   6          11          17          18          28          29
                  39          51          52
SEND PE           15           2
                   4           6
SEND PE           23           5
                  94         103         104         106         115
