RES NODE           9          94
                   6           7          10          11          15          16
                  17          18          19          20          21          24
                  25          26          27          28          29          36
                  37          38          39          40          41          42
                  47          48          49          50          51          52
                  53          54          55          56          57          58
                  59          62          63          64          65          66
                  67          68          69          70          71          72
                  73          74          75          76          77          80
                  81          82          83          84          85          86
                  87          88          89          90          91          92
                  93          94          95          96         102         103
                 104         105         106         107         108         109
                 110         111         112         113         114         119
                 120         121         122         123         124         125
                 126         132         133         134
COMM PE            6
RECV PE            2           4
                   3           4          12          22
RECV PE            8          13
                  30          31          43          60          78          97
                  98         115         127         135         137         138
                 139
RECV PE           15          10
                 100         101         116         117         118         128
                 129         130         131         136
RECV PE           17           4
                  44          61          79          99
RECV PE           28           4
                   1           2           8           9
RECV PE           30          10
                   5          13          14          23          32          33
                  34          35          45          46
SEND PE            2           3
                  10          11          21
SEND PE            8          12
                  21          29          41          42          59          77
                  96         114         126         132         133         134
SEND PE           15          10
                  80         102         103         104         119         120
                 121         122         123         132
SEND PE           17           2
                  62          80
SEND PE           28           4
                   6           7          10          18
SEND PE           30          11
                   6          15          24          36          37          47
                  48          49          50          62          63
