 Shinacock Inlet Coarse Grid                                                    
     231     139
       1     -0.724140522329E+02      0.406453358151E+02      0.419985008240E+02
       2     -0.724265996170E+02      0.406409807590E+02      0.421216468811E+02
       3     -0.724617002961E+02      0.406281330291E+02      0.412313308716E+02
       4     -0.724758554752E+02      0.406311300563E+02      0.405092315674E+02
       5     -0.724097820407E+02      0.406566161465E+02      0.413089599609E+02
       6     -0.724226207708E+02      0.406522987035E+02      0.416114578247E+02
       7     -0.724359801561E+02      0.406530469344E+02      0.415422439575E+02
       8     -0.724400302317E+02      0.406422480421E+02      0.418158912659E+02
       9     -0.724509603545E+02      0.406366926813E+02      0.414611587524E+02
      10     -0.724640177465E+02      0.406413162716E+02      0.406889152527E+02
      11     -0.724772016930E+02      0.406456875080E+02      0.398064956665E+02
      12     -0.724892833778E+02      0.406369087633E+02      0.396019020081E+02
      13     -0.724072569003E+02      0.406768286584E+02      0.394856452942E+02
      14     -0.724119631387E+02      0.406674526766E+02      0.402358474731E+02
      15     -0.724242484627E+02      0.406631467003E+02      0.404218902588E+02
      16     -0.724371025619E+02      0.406640533068E+02      0.403302726746E+02
      17     -0.724489466884E+02      0.406598584502E+02      0.404458236694E+02
      18     -0.724511426501E+02      0.406486163452E+02      0.410447807312E+02
      19     -0.724634915489E+02      0.406553485598E+02      0.398291740417E+02
      20     -0.724756477418E+02      0.406576667477E+02      0.392213592529E+02
      21     -0.724871245679E+02      0.406551975705E+02      0.388534965515E+02
      22     -0.724915936487E+02      0.406465045399E+02      0.390841445923E+02
      23     -0.724155845060E+02      0.406854135497E+02      0.385728530884E+02
      24     -0.724200926223E+02      0.406750632026E+02      0.392898025513E+02
      25     -0.724322121832E+02      0.406736332807E+02      0.391985359192E+02
      26     -0.724447631925E+02      0.406714999038E+02      0.392002220154E+02
      27     -0.724575939816E+02      0.406681168429E+02      0.392626495361E+02
      28     -0.724702171023E+02      0.406680635216E+02      0.387253494263E+02
      29     -0.724831526019E+02      0.406649812088E+02      0.384423866272E+02
      30     -0.724953163567E+02      0.406632934223E+02      0.381492004395E+02
      31     -0.725004920398E+02      0.406533489565E+02      0.384677391052E+02
      32     -0.723903151288E+02      0.407166081536E+02      0.380412216187E+02
      33     -0.723973798634E+02      0.407110899264E+02      0.378685188293E+02
      34     -0.724044205174E+02      0.407047832930E+02      0.378612251282E+02
      35     -0.724119845127E+02      0.406963725794E+02      0.379925804138E+02
      36     -0.724226372866E+02      0.406932328857E+02      0.378683128357E+02
      37     -0.724275138629E+02      0.406837727276E+02      0.383516654968E+02
      38     -0.724397706288E+02      0.406830202542E+02      0.379980278015E+02
      39     -0.724516902781E+02      0.406788147005E+02      0.381970977783E+02
      40     -0.724634240506E+02      0.406784689038E+02      0.380161781311E+02
      41     -0.724745870707E+02      0.406803372982E+02      0.376909294128E+02
      42     -0.724804097751E+02      0.406734929209E+02      0.379547615051E+02
      43     -0.724905949021E+02      0.406726467147E+02      0.376953201294E+02
      44     -0.723840830778E+02      0.407385660736E+02      0.374249916077E+02
      45     -0.723884583900E+02      0.407320983455E+02      0.374856071472E+02
      46     -0.723921131347E+02      0.407251021609E+02      0.375809326172E+02
      47     -0.723994383802E+02      0.407214711994E+02      0.373428802490E+02
      48     -0.724073713867E+02      0.407152586939E+02      0.372355537415E+02
      49     -0.724131595961E+02      0.407074617448E+02      0.373714447021E+02
      50     -0.724207058524E+02      0.407025894986E+02      0.372630462646E+02
      51     -0.724287241756E+02      0.407006503407E+02      0.368961906433E+02
      52     -0.724331072315E+02      0.406927991768E+02      0.373140792847E+02
      53     -0.724415516190E+02      0.406950200107E+02      0.366949462891E+02
      54     -0.724485662011E+02      0.406889217084E+02      0.371856498718E+02
      55     -0.724565732739E+02      0.406863443993E+02      0.372926101685E+02
      56     -0.724628514974E+02      0.406902820539E+02      0.367645034790E+02
      57     -0.724691926423E+02      0.406871328697E+02      0.370281867981E+02
      58     -0.724757824345E+02      0.406916681055E+02      0.364732742310E+02
      59     -0.724819003961E+02      0.406885620020E+02      0.367339859009E+02
      60     -0.724854973254E+02      0.406813881862E+02      0.372293663025E+02
      61     -0.723890649618E+02      0.407455648641E+02      0.366954994202E+02
      62     -0.723946336103E+02      0.407404070590E+02      0.366226387024E+02
      63     -0.723971037160E+02      0.407317436144E+02      0.369938278198E+02
      64     -0.724041646061E+02      0.407304611749E+02      0.368366317749E+02
      65     -0.724072284378E+02      0.407237088454E+02      0.368868942261E+02
      66     -0.724151042613E+02      0.407241678039E+02      0.365411987305E+02
      67     -0.724167969210E+02      0.407166244569E+02      0.367873077393E+02
      68     -0.724208591913E+02      0.407105278854E+02      0.369189300537E+02
      69     -0.724288173018E+02      0.407097033289E+02      0.364437217712E+02
      70     -0.724369240861E+02      0.407041561713E+02      0.360211982727E+02
      71     -0.724453879657E+02      0.407052892158E+02      0.355323181152E+02
      72     -0.724486988794E+02      0.406978481498E+02      0.362427864075E+02
      73     -0.724558341763E+02      0.406961323167E+02      0.362693862915E+02
      74     -0.724624233714E+02      0.406989617035E+02      0.358606987000E+02
      75     -0.724693020510E+02      0.406967874553E+02      0.360043945313E+02
      76     -0.724761380042E+02      0.407002015751E+02      0.355703468323E+02
      77     -0.724830604832E+02      0.406981937359E+02      0.357058105469E+02
      78     -0.724902425866E+02      0.406911048950E+02      0.363335304260E+02
      79     -0.723957004661E+02      0.407495555963E+02      0.359696922302E+02
      80     -0.724031537605E+02      0.407472167519E+02      0.357621994019E+02
      81     -0.724031249679E+02      0.407387938090E+02      0.364529380798E+02
      82     -0.724103900050E+02      0.407364489629E+02      0.364250106812E+02
      83     -0.724106292674E+02      0.407295925451E+02      0.365939254761E+02
      84     -0.724158293710E+02      0.407325770147E+02      0.362841110229E+02
      85     -0.724220711245E+02      0.407315653814E+02      0.360164070129E+02
      86     -0.724235951249E+02      0.407239507009E+02      0.362175636292E+02
      87     -0.724246385847E+02      0.407166714378E+02      0.364855880737E+02
      88     -0.724312504878E+02      0.407207210031E+02      0.360000724792E+02
      89     -0.724357048784E+02      0.407133006078E+02      0.358069152832E+02
      90     -0.724435092263E+02      0.407139465116E+02      0.351225624084E+02
      91     -0.724520640662E+02      0.407133311851E+02      0.346696395874E+02
      92     -0.724524955575E+02      0.407044404402E+02      0.354858818054E+02
      93     -0.724590761353E+02      0.407069666800E+02      0.351096572876E+02
      94     -0.724658774392E+02      0.407048255881E+02      0.352204437256E+02
      95     -0.724718903284E+02      0.407059527960E+02      0.350225906372E+02
      96     -0.724796165955E+02      0.407078020397E+02      0.347317504883E+02
      97     -0.724866329509E+02      0.407077135198E+02      0.346601257324E+02
      98     -0.724898710685E+02      0.407002371654E+02      0.354105186462E+02
      99     -0.724016043811E+02      0.407557227036E+02      0.351231575012E+02
     100     -0.724081878538E+02      0.407550643691E+02      0.348316230774E+02
     101     -0.724112180852E+02      0.407499476182E+02      0.351775131226E+02
     102     -0.724108489643E+02      0.407435045625E+02      0.358540763855E+02
     103     -0.724182854515E+02      0.407397175611E+02      0.359258956909E+02
     104     -0.724264956250E+02      0.407381958813E+02      0.355575370789E+02
     105     -0.724304573636E+02      0.407305167794E+02      0.356386985779E+02
     106     -0.724377682009E+02      0.407274826806E+02      0.352227058411E+02
     107     -0.724382907460E+02      0.407198762969E+02      0.354300575256E+02
     108     -0.724434166565E+02      0.407232841742E+02      0.349052467346E+02
     109     -0.724495368604E+02      0.407222970658E+02      0.345481071472E+02
     110     -0.724568416580E+02      0.407223475477E+02      0.341262626648E+02
     111     -0.724597078792E+02      0.407155217351E+02      0.342372131348E+02
     112     -0.724664077301E+02      0.407131331465E+02      0.343743743896E+02
     113     -0.724732753532E+02      0.407127347406E+02      0.343185844421E+02
     114     -0.724778774302E+02      0.407154840902E+02      0.340394935608E+02
     115     -0.724846224903E+02      0.407160787864E+02      0.338528480530E+02
     116     -0.724182749043E+02      0.407484730111E+02      0.352192764282E+02
     117     -0.724239257418E+02      0.407442920600E+02      0.354199180603E+02
     118     -0.724312157694E+02      0.407458767361E+02      0.348780517578E+02
     119     -0.724331439489E+02      0.407387928808E+02      0.350707550049E+02
     120     -0.724386917458E+02      0.407353251767E+02      0.348102531433E+02
     121     -0.724459725692E+02      0.407313054277E+02      0.344458694458E+02
     122     -0.724540897586E+02      0.407301788724E+02      0.339612197876E+02
     123     -0.724618183596E+02      0.407296254385E+02      0.334799041748E+02
     124     -0.724646144155E+02      0.407220231102E+02      0.336928672791E+02
     125     -0.724717904538E+02      0.407205795712E+02      0.336451187134E+02
     126     -0.724786815586E+02      0.407208850935E+02      0.335614318848E+02
     127     -0.724830409030E+02      0.407238102834E+02      0.332062149048E+02
     128     -0.724385386738E+02      0.407442178451E+02      0.344229049683E+02
     129     -0.724447779446E+02      0.407402998004E+02      0.341441459656E+02
     130     -0.724519238964E+02      0.407378080967E+02      0.337555885315E+02
     131     -0.724592534082E+02      0.407373718574E+02      0.333003120422E+02
     132     -0.724661333670E+02      0.407365989185E+02      0.329149055481E+02
     133     -0.724697864382E+02      0.407291033098E+02      0.331768226624E+02
     134     -0.724767781179E+02      0.407272166397E+02      0.330270080566E+02
     135     -0.724832715189E+02      0.407303831940E+02      0.326533050537E+02
     136     -0.724647836129E+02      0.407442310454E+02      0.328724517822E+02
     137     -0.724721803575E+02      0.407426313334E+02      0.324017524719E+02
     138     -0.724714772178E+02      0.407359194432E+02      0.327361869812E+02
     139     -0.724772358654E+02      0.407349924885E+02      0.325567970276E+02
       1       3       1       5       6
       2       3       2       1       6
       3       3       2       6       7
       4       3       8       2       7
       5       3       3       9      10
       6       3       3      10       4
       7       3       4      10      11
       8       3      11      12       4
       9       3       5      14      15
      10       3       6       5      15
      11       3       7       6      15
      12       3       7      15      16
      13       3       7      16      17
      14       3      18       7      17
      15       3       8       7      18
      16       3       9       8      18
      17       3       9      18      10
      18       3      10      18      19
      19       3      11      10      19
      20       3      11      19      20
      21       3      11      20      21
      22       3      22      11      21
      23       3      11      22      12
      24       3      23      24      13
      25       3      14      13      24
      26       3      15      14      24
      27       3      15      24      25
      28       3      16      15      25
      29       3      16      25      26
      30       3      16      26      17
      31       3      26      27      17
      32       3      19      17      27
      33       3      19      18      17
      34       3      27      28      19
      35       3      28      20      19
      36       3      20      28      29
      37       3      21      20      29
      38       3      21      29      30
      39       3      21      30      31
      40       3      22      21      31
      41       3      36      23      35
      42       3      36      37      23
      43       3      24      23      37
      44       3      25      24      37
      45       3      37      38      25
      46       3      26      25      38
      47       3      26      38      39
      48       3      39      27      26
      49       3      27      39      40
      50       3      28      27      40
      51       3      28      40      41
      52       3      28      41      42
      53       3      29      28      42
      54       3      43      29      42
      55       3      30      29      43
      56       3      46      47      32
      57       3      47      33      32
      58       3      47      48      33
      59       3      48      34      33
      60       3      48      49      34
      61       3      34      49      35
      62       3      50      35      49
      63       3      50      36      35
      64       3      50      51      36
      65       3      51      52      36
      66       3      52      37      36
      67       3      52      38      37
      68       3      52      53      38
      69       3      54      38      53
      70       3      39      38      54
      71       3      39      54      55
      72       3      39      55      40
      73       3      40      55      56
      74       3      40      56      57
      75       3      40      57      41
      76       3      41      57      58
      77       3      41      58      59
      78       3      60      41      59
      79       3      41      60      42
      80       3      43      42      60
      81       3      44      61      62
      82       3      44      62      45
      83       3      62      63      45
      84       3      46      45      63
      85       3      47      46      63
      86       3      47      63      64
      87       3      64      65      47
      88       3      47      65      48
      89       3      65      66      48
      90       3      66      67      48
      91       3      48      67      49
      92       3      68      49      67
      93       3      50      49      68
      94       3      50      68      69
      95       3      51      50      69
      96       3      69      70      51
      97       3      70      52      51
      98       3      53      52      70
      99       3      53      70      71
     100       3      72      53      71
     101       3      54      53      72
     102       3      72      73      54
     103       3      73      55      54
     104       3      73      56      55
     105       3      73      74      56
     106       3      74      75      56
     107       3      75      57      56
     108       3      75      58      57
     109       3      75      76      58
     110       3      58      76      77
     111       3      59      58      77
     112       3      78      59      77
     113       3      59      78      60
     114       3      62      61      79
     115       3      62      79      80
     116       3      81      62      80
     117       3      63      62      81
     118       3      64      63      81
     119       3      81      82      64
     120       3      82      83      64
     121       3      64      83      65
     122       3      83      66      65
     123       3      83      84      66
     124       3      66      84      85
     125       3      86      66      85
     126       3      66      86      67
     127       3      86      87      67
     128       3      68      67      87
     129       3      69      68      87
     130       3      69      87      88
     131       3      89      69      88
     132       3      69      89      70
     133       3      89      90      70
     134       3      90      71      70
     135       3      71      90      91
     136       3      92      71      91
     137       3      72      71      92
     138       3      92      73      72
     139       3      92      93      73
     140       3      74      73      93
     141       3      74      93      94
     142       3      75      74      94
     143       3      75      94      95
     144       3      95      76      75
     145       3      95      96      76
     146       3      96      77      76
     147       3      96      97      77
     148       3      98      77      97
     149       3      78      77      98
     150       3      80      79      99
     151       3      99     100      80
     152       3     100     101      80
     153       3      80     101     102
     154       3      80     102      81
     155       3     102      82      81
     156       3     102     103      82
     157       3     103      84      82
     158       3      82      84      83
     159       3      85      84     103
     160       3      85     103     104
     161       3     104     105      85
     162       3     105      86      85
     163       3      86     105      88
     164       3      86      88      87
     165       3     105     106      88
     166       3     106     107      88
     167       3      89      88     107
     168       3      90      89     107
     169       3      90     107     108
     170       3      90     108     109
     171       3      91      90     109
     172       3     109     110      91
     173       3     110     111      91
     174       3      91     111      93
     175       3      91      93      92
     176       3     111     112      93
     177       3     112      94      93
     178       3      95      94     112
     179       3      95     112     113
     180       3     113      96      95
     181       3     113     114      96
     182       3     114     115      96
     183       3     115      97      96
     184       3     102     101     116
     185       3     103     102     116
     186       3     117     103     116
     187       3     117     104     103
     188       3     117     118     104
     189       3     118     119     104
     190       3     105     104     119
     191       3     105     119     120
     192       3     106     105     120
     193       3     120     121     106
     194       3     106     121     108
     195       3     106     108     107
     196       3     121     109     108
     197       3     122     109     121
     198       3     122     110     109
     199       3     122     123     110
     200       3     123     124     110
     201       3     111     110     124
     202       3     112     111     124
     203       3     112     124     125
     204       3     113     112     125
     205       3     125     114     113
     206       3     125     126     114
     207       3     115     114     126
     208       3     115     126     127
     209       3     119     118     128
     210       3     120     119     128
     211       3     128     129     120
     212       3     121     120     129
     213       3     130     121     129
     214       3     122     121     130
     215       3     130     131     122
     216       3     123     122     131
     217       3     123     131     132
     218       3     132     133     123
     219       3     123     133     124
     220       3     133     125     124
     221       3     133     134     125
     222       3     134     126     125
     223       3     134     127     126
     224       3     134     135     127
     225       3     132     131     136
     226       3     136     137     132
     227       3     137     138     132
     228       3     132     138     133
     229       3     133     138     139
     230       3     134     133     139
     231       3     135     134     139
 0                    ! Number of open boundaries                               
 0                   ! Total number of open boundary nodes                      
 0 = Number of land boundaries                                                  
 0 = Total number of land boundary nodes                                        
