RES NODE          24          95
                   4           5          13          14          15          16
                  17          18          19          20          25          26
                  27          28          29          30          31          32
                  33          34          39          41          42          43
                  44          45          46          47          48          49
                  50          51          52          53          54          56
                  57          58          59          60          61          62
                  63          64          65          66          67          68
                  69          70          71          72          74          75
                  76          77          78          79          80          81
                  82          83          84          85          86          87
                  88          90          93          94          95          96
                  97          98          99         100         101         102
                 103         105         107         108         109         110
                 111         112         113         114         115         117
                 119         122         123         124         125
COMM PE            6
RECV PE           18           5
                 128         129         130         131         132
RECV PE           19           7
                  91          92         106         118         120         121
                 127
RECV PE           25          10
                   1           2           3          12          22          23
                  24          37          38          40
RECV PE           26           3
                  35          36          55
RECV PE           27           7
                   6           7           8           9          10          11
                  21
RECV PE           30           5
                  73          89         104         116         126
SEND PE           18           4
                 122         123         124         125
SEND PE           19           9
                  76          79          93         107         110         111
                 117         119         122
SEND PE           25          10
                   4           5          13          25          39          41
                  42          56          57          58
SEND PE           26           4
                  34          53          54          72
SEND PE           27           7
                   5          16          17          18          19          20
                  34
SEND PE           30           5
                  72          88         103         115         125
