 Shinacock Inlet Coarse Grid                                                    
     222     132
       1     -0.721574584747E+02      0.408528970619E+02      0.361023063660E+02
       2     -0.721569610123E+02      0.408392784897E+02      0.376273231506E+02
       3     -0.721723123922E+02      0.408582942504E+02      0.344296646118E+02
       4     -0.721732286117E+02      0.408452048006E+02      0.362969474792E+02
       5     -0.721719236372E+02      0.408314466190E+02      0.378757057190E+02
       6     -0.721571724664E+02      0.408248210783E+02      0.390196228027E+02
       7     -0.721581443745E+02      0.408098573328E+02      0.403411178589E+02
       8     -0.721577474934E+02      0.407932814514E+02      0.418029251099E+02
       9     -0.721630766673E+02      0.407809362990E+02      0.427524337769E+02
      10     -0.721753158752E+02      0.407749680578E+02      0.429880065918E+02
      11     -0.721884972028E+02      0.407679783247E+02      0.432618904114E+02
      12     -0.721816126260E+02      0.408690789365E+02      0.319594707489E+02
      13     -0.721878260397E+02      0.408542691399E+02      0.342581787109E+02
      14     -0.721885279475E+02      0.408371954646E+02      0.364932022095E+02
      15     -0.721838684036E+02      0.408230079719E+02      0.382468032837E+02
      16     -0.721712589175E+02      0.408169211353E+02      0.392938995361E+02
      17     -0.721701957645E+02      0.408033515831E+02      0.407105751038E+02
      18     -0.721762731884E+02      0.407911405736E+02      0.417259788513E+02
      19     -0.721900714727E+02      0.407821368023E+02      0.420521087646E+02
      20     -0.722045586551E+02      0.407748307374E+02      0.423085937500E+02
      21     -0.722008815401E+02      0.407599969405E+02      0.435510368347E+02
      22     -0.722032077947E+02      0.408818949807E+02      0.277121524811E+02
      23     -0.721956220286E+02      0.408694178973E+02      0.307212238312E+02
      24     -0.722470469269E+02      0.409224610186E+02      0.558677673340E+01
      25     -0.722027221246E+02      0.408595591905E+02      0.321128082275E+02
      26     -0.722021352564E+02      0.408474330768E+02      0.342277908325E+02
      27     -0.722033548453E+02      0.408347510080E+02      0.359683799744E+02
      28     -0.721984946075E+02      0.408210339294E+02      0.377370758057E+02
      29     -0.721852615139E+02      0.408081449981E+02      0.397111282349E+02
      30     -0.721912069572E+02      0.407955500669E+02      0.408729400635E+02
      31     -0.722041163732E+02      0.407901481333E+02      0.409613571167E+02
      32     -0.722185597062E+02      0.407854010240E+02      0.410850486755E+02
      33     -0.722190407969E+02      0.407724334098E+02      0.422711868286E+02
      34     -0.722148260657E+02      0.407623037005E+02      0.430627098083E+02
      35     -0.722123306296E+02      0.407496394445E+02      0.440526504517E+02
      36     -0.722244078672E+02      0.407377468295E+02      0.445091018677E+02
      37     -0.722255230395E+02      0.408966248980E+02      0.214130001068E+02
      38     -0.722181931843E+02      0.408828003637E+02      0.267637310028E+02
      39     -0.722112165552E+02      0.408704655736E+02      0.297513351440E+02
      40     -0.722381962472E+02      0.409074949532E+02      0.172198410034E+02
      41     -0.722511827555E+02      0.409067042823E+02      0.147327203751E+02
      42     -0.722598586213E+02      0.409172227908E+02      0.517462444310E+01
      43     -0.722167432130E+02      0.408572406486E+02      0.318686943054E+02
      44     -0.722156532485E+02      0.408422937245E+02      0.342626876831E+02
      45     -0.722142326282E+02      0.408278942501E+02      0.362090454102E+02
      46     -0.722137347442E+02      0.408142908579E+02      0.378826942444E+02
      47     -0.722014538059E+02      0.408055247282E+02      0.393925514221E+02
      48     -0.722155946433E+02      0.407999831794E+02      0.395409851074E+02
      49     -0.722293424802E+02      0.407962882428E+02      0.396956634521E+02
      50     -0.722340538209E+02      0.407842526815E+02      0.413341903687E+02
      51     -0.722295804403E+02      0.407752715125E+02      0.422958755493E+02
      52     -0.722304491895E+02      0.407629201761E+02      0.430438423157E+02
      53     -0.722240037136E+02      0.407520545869E+02      0.438379592896E+02
      54     -0.722360573412E+02      0.407483996201E+02      0.438914337158E+02
      55     -0.722417434455E+02      0.407351850377E+02      0.441194152832E+02
      56     -0.722406166055E+02      0.408950174215E+02      0.204157276154E+02
      57     -0.722310117399E+02      0.408852418889E+02      0.249814128876E+02
      58     -0.722267257298E+02      0.408719419456E+02      0.284846744537E+02
      59     -0.722659329482E+02      0.409028462799E+02      0.129326028824E+02
      60     -0.722538007776E+02      0.408932556354E+02      0.194929008484E+02
      61     -0.722717605007E+02      0.409120653621E+02      0.461934661870E+01
      62     -0.722306127598E+02      0.408601454633E+02      0.306932182312E+02
      63     -0.722284898589E+02      0.408487038267E+02      0.328910560608E+02
      64     -0.722275951832E+02      0.408351954923E+02      0.349526863098E+02
      65     -0.722271545530E+02      0.408222809645E+02      0.366073913574E+02
      66     -0.722277057360E+02      0.408088891433E+02      0.380771255493E+02
      67     -0.722428916172E+02      0.408048101281E+02      0.379862785339E+02
      68     -0.722410517314E+02      0.407930026087E+02      0.393785133362E+02
      69     -0.722463244072E+02      0.407833789744E+02      0.405947608948E+02
      70     -0.722432657854E+02      0.407718880227E+02      0.422548561096E+02
      71     -0.722432406735E+02      0.407591092790E+02      0.428825950623E+02
      72     -0.722507483224E+02      0.407486571437E+02      0.431252899170E+02
      73     -0.722583644018E+02      0.407375903371E+02      0.431175308228E+02
      74     -0.722428562521E+02      0.408806310129E+02      0.247079105377E+02
      75     -0.722396954423E+02      0.408678988650E+02      0.282662162781E+02
      76     -0.722793554009E+02      0.408964946061E+02      0.144447116852E+02
      77     -0.722670141170E+02      0.408895950152E+02      0.191199798584E+02
      78     -0.722561901233E+02      0.408816575547E+02      0.229371967316E+02
      79     -0.722831257918E+02      0.409077502217E+02      0.482755327220E+01
      80     -0.722429457084E+02      0.408553335123E+02      0.305310287476E+02
      81     -0.722389232487E+02      0.408424430529E+02      0.333696441650E+02
      82     -0.722415082437E+02      0.408297575533E+02      0.352831954956E+02
      83     -0.722385693170E+02      0.408167888436E+02      0.369422111511E+02
      84     -0.722516348744E+02      0.408177246525E+02      0.366343040466E+02
      85     -0.722572853052E+02      0.408044177281E+02      0.375265007019E+02
      86     -0.722526437325E+02      0.407928978779E+02      0.387842483521E+02
      87     -0.722579026558E+02      0.407781986559E+02      0.400362586975E+02
      88     -0.722554962980E+02      0.407629991536E+02      0.416452865601E+02
      89     -0.722659310433E+02      0.407516300117E+02      0.418542556763E+02
      90     -0.722526591675E+02      0.408689648006E+02      0.266905193329E+02
      91     -0.722936777021E+02      0.409034527536E+02      0.482783317570E+01
      92     -0.722906573559E+02      0.408911598916E+02      0.148750171661E+02
      93     -0.722786443405E+02      0.408836941343E+02      0.193669586182E+02
      94     -0.722663036283E+02      0.408763881497E+02      0.232279453278E+02
      95     -0.722553128613E+02      0.408564342766E+02      0.292798919678E+02
      96     -0.722517493231E+02      0.408432829318E+02      0.321669845581E+02
      97     -0.722544631555E+02      0.408307557912E+02      0.344888153076E+02
      98     -0.722646772529E+02      0.408251161968E+02      0.342025642395E+02
      99     -0.722641876171E+02      0.408140849093E+02      0.358556556702E+02
     100     -0.722705139316E+02      0.408044725648E+02      0.369378318787E+02
     101     -0.722649420366E+02      0.407921755403E+02      0.384890022278E+02
     102     -0.722713786386E+02      0.407808975984E+02      0.391291427612E+02
     103     -0.722680686723E+02      0.407671066092E+02      0.405219802856E+02
     104     -0.722791138693E+02      0.407588850091E+02      0.406353797913E+02
     105     -0.722655311371E+02      0.408638626161E+02      0.266808395386E+02
     106     -0.722900980180E+02      0.408773889489E+02      0.199929618835E+02
     107     -0.722771711590E+02      0.408709828109E+02      0.234448719025E+02
     108     -0.722648286567E+02      0.408505520312E+02      0.296480274200E+02
     109     -0.722645284470E+02      0.408381035946E+02      0.321776351929E+02
     110     -0.722752991210E+02      0.408317949131E+02      0.318154430389E+02
     111     -0.722763246790E+02      0.408181593441E+02      0.343122253418E+02
     112     -0.722814735739E+02      0.408063592581E+02      0.358378829956E+02
     113     -0.722785803015E+02      0.407938547425E+02      0.374747047424E+02
     114     -0.722826572451E+02      0.407822704256E+02      0.383467216492E+02
     115     -0.722804712791E+02      0.407715070920E+02      0.394855003357E+02
     116     -0.722899128837E+02      0.407647539171E+02      0.396146659851E+02
     117     -0.722760997243E+02      0.408576267096E+02      0.274330501556E+02
     118     -0.722856366327E+02      0.408645050193E+02      0.244408664703E+02
     119     -0.722755828688E+02      0.408451208258E+02      0.298364715576E+02
     120     -0.722844482046E+02      0.408392758145E+02      0.300219268799E+02
     121     -0.722866484963E+02      0.408276012228E+02      0.316838912964E+02
     122     -0.722889302331E+02      0.408150688201E+02      0.336197624207E+02
     123     -0.722917480858E+02      0.408005184828E+02      0.354427185059E+02
     124     -0.722899142338E+02      0.407887747254E+02      0.370020523071E+02
     125     -0.722933028638E+02      0.407764474129E+02      0.381778182983E+02
     126     -0.723017442642E+02      0.407645446686E+02      0.391217842102E+02
     127     -0.722876703338E+02      0.408517234254E+02      0.274684429169E+02
     128     -0.722980978471E+02      0.408247812124E+02      0.314861621857E+02
     129     -0.722988075789E+02      0.408113237351E+02      0.330903015137E+02
     130     -0.723034759803E+02      0.408001173623E+02      0.343576850891E+02
     131     -0.723008422653E+02      0.407883779705E+02      0.361291313171E+02
     132     -0.723044144102E+02      0.407761134536E+02      0.375408973694E+02
       1       3       3       4       1
       2       3       1       4       2
       3       3       4       5       2
       4       3       2       5       6
       5       3      12      13       3
       6       3       3      13       4
       7       3      14       4      13
       8       3       4      14       5
       9       3       5      14      15
      10       3       5      15      16
      11       3       6       5      16
      12       3       7       6      16
      13       3      17       7      16
      14       3       8       7      17
      15       3      18       8      17
      16       3       9       8      18
      17       3      10       9      18
      18       3      10      18      19
      19       3      19      11      10
      20       3      19      20      11
      21       3      20      21      11
      22       3      12      23      13
      23       3      23      25      13
      24       3      13      25      26
      25       3      14      13      26
      26       3      26      27      14
      27       3      14      27      28
      28       3      14      28      15
      29       3      15      28      29
      30       3      29      16      15
      31       3      29      17      16
      32       3      18      17      29
      33       3      30      18      29
      34       3      19      18      30
      35       3      30      31      19
      36       3      31      20      19
      37       3      20      31      32
      38       3      33      20      32
      39       3      34      20      33
      40       3      21      20      34
      41       3      35      21      34
      42       3      38      39      22
      43       3      22      39      23
      44       3      23      39      25
      45       3      42      41      24
      46       3      24      41      40
      47       3      39      43      25
      48       3      25      43      26
      49       3      43      44      26
      50       3      26      44      27
      51       3      44      45      27
      52       3      27      45      28
      53       3      45      46      28
      54       3      47      28      46
      55       3      28      47      29
      56       3      30      29      47
      57       3      31      30      47
      58       3      47      48      31
      59       3      48      32      31
      60       3      32      48      49
      61       3      50      32      49
      62       3      51      32      50
      63       3      33      32      51
      64       3      52      33      51
      65       3      52      34      33
      66       3      53      34      52
      67       3      35      34      53
      68       3      36      35      53
      69       3      53      54      36
      70       3      54      55      36
      71       3      56      37      40
      72       3      57      37      56
      73       3      57      38      37
      74       3      38      57      58
      75       3      38      58      39
      76       3      43      39      58
      77       3      56      40      41
      78       3      42      59      41
      79       3      41      59      60
      80       3      60      56      41
      81       3      61      59      42
      82       3      62      43      58
      83       3      43      62      63
      84       3      43      63      44
      85       3      64      44      63
      86       3      45      44      64
      87       3      45      64      65
      88       3      45      65      46
      89       3      66      46      65
      90       3      48      46      66
      91       3      48      47      46
      92       3      48      66      49
      93       3      66      67      49
      94       3      67      68      49
      95       3      49      68      50
      96       3      50      68      69
      97       3      50      69      70
      98       3      50      70      51
      99       3      51      70      52
     100       3      71      52      70
     101       3      52      71      54
     102       3      52      54      53
     103       3      72      54      71
     104       3      54      72      55
     105       3      72      73      55
     106       3      74      56      60
     107       3      74      57      56
     108       3      58      57      74
     109       3      75      58      74
     110       3      62      58      75
     111       3      61      76      59
     112       3      59      76      77
     113       3      59      77      60
     114       3      60      77      78
     115       3      78      74      60
     116       3      76      61      79
     117       3      80      62      75
     118       3      62      80      63
     119       3      80      81      63
     120       3      64      63      81
     121       3      82      64      81
     122       3      64      82      65
     123       3      82      83      65
     124       3      65      83      66
     125       3      83      67      66
     126       3      67      83      84
     127       3      85      67      84
     128       3      86      67      85
     129       3      86      68      67
     130       3      69      68      86
     131       3      69      86      87
     132       3      70      69      87
     133       3      70      87      88
     134       3      71      70      88
     135       3      72      71      88
     136       3      89      72      88
     137       3      73      72      89
     138       3      74      78      90
     139       3      74      90      75
     140       3      75      90      80
     141       3      79      91      76
     142       3      76      91      92
     143       3      76      92      93
     144       3      93      77      76
     145       3      94      77      93
     146       3      77      94      78
     147       3      78      94      90
     148       3      90      95      80
     149       3      80      95      96
     150       3      80      96      81
     151       3      81      96      82
     152       3      96      97      82
     153       3      82      97      84
     154       3      82      84      83
     155       3      97      98      84
     156       3      98      99      84
     157       3      85      84      99
     158       3     100      85      99
     159       3     101      85     100
     160       3      86      85     101
     161       3      87      86     101
     162       3     102      87     101
     163       3      87     102     103
     164       3      87     103      88
     165       3      89      88     103
     166       3     103     104      89
     167       3      94     105      90
     168       3      95      90     105
     169       3      92     106      93
     170       3      93     106     107
     171       3      94      93     107
     172       3      94     107     105
     173       3     108      95     105
     174       3      96      95     108
     175       3     109      96     108
     176       3      97      96     109
     177       3      98      97     109
     178       3     109     110      98
     179       3      98     110     111
     180       3      98     111      99
     181       3      99     111     100
     182       3     111     112     100
     183       3     113     100     112
     184       3     113     101     100
     185       3     101     113     102
     186       3     113     114     102
     187       3     102     114     115
     188       3     102     115     103
     189       3     103     115     104
     190       3     104     115     116
     191       3     117     105     107
     192       3     108     105     117
     193       3     106     118     107
     194       3     107     118     117
     195       3     108     117     119
     196       3     108     119     109
     197       3     119     110     109
     198       3     119     120     110
     199       3     120     121     110
     200       3     110     121     111
     201       3     121     122     111
     202       3     112     111     122
     203       3     123     112     122
     204       3     112     123     113
     205       3     123     124     113
     206       3     114     113     124
     207       3     125     114     124
     208       3     115     114     125
     209       3     116     115     125
     210       3     126     116     125
     211       3     118     127     117
     212       3     117     127     119
     213       3     127     120     119
     214       3     121     128     122
     215       3     128     129     122
     216       3     123     122     129
     217       3     130     123     129
     218       3     131     123     130
     219       3     131     124     123
     220       3     125     124     131
     221       3     132     125     131
     222       3     126     125     132
 0                    ! Number of open boundaries                               
 0                   ! Total number of open boundary nodes                      
 1 = Number of land boundaries                                                  
 5 = Total number of land boundary nodes                                        
       5       0  = Number of nodes for land boundary 1                         
      24
      42
      61
      79
      91
