RES NODE          27          94
                   2           3           4           5           6           7
                   8          11          12          13          14          15
                  16          17          21          22          23          24
                  25          26          27          31          32          33
                  34          35          36          37          38          39
                  40          43          44          45          46          47
                  48          49          50          51          52          53
                  54          57          58          59          60          61
                  62          63          64          65          66          67
                  68          69          70          73          74          75
                  76          77          78          79          80          81
                  82          83          84          85          86          89
                  90          91          92          93          94          95
                  96          97          98          99         102         103
                 104         105         106         107         108         109
                 110         111         118         119
COMM PE            3
RECV PE           24           7
                 101         113         114         115         116         117
                 121
RECV PE           25          10
                   1          10          19          20          29          30
                  42          56          72          88
RECV PE           26          12
                   9          18          28          41          55          71
                  87         100         112         120         122         123
SEND PE           24           7
                 102         103         104         105         106         107
                 118
SEND PE           25           9
                   2          11          21          31          43          57
                  73          89         102
SEND PE           26          13
                   8          17          27          40          54          70
                  86          99         109         110         111         118
                 119
