 Shinacock Inlet Coarse Grid                                                    
     208     123
       1     -0.720346858872E+02      0.407964923293E+02      0.419862251282E+02
       2     -0.720371130643E+02      0.407769899860E+02      0.435323219299E+02
       3     -0.720414096174E+02      0.407578028099E+02      0.449654006958E+02
       4     -0.720433208231E+02      0.407382898205E+02      0.463783531189E+02
       5     -0.720477220345E+02      0.407192253755E+02      0.476546211243E+02
       6     -0.720534794919E+02      0.407004219801E+02      0.487838325500E+02
       7     -0.720598868149E+02      0.406818304200E+02      0.498550987244E+02
       8     -0.720683638578E+02      0.406640986447E+02      0.507154197693E+02
       9     -0.720759694202E+02      0.406459731045E+02      0.516602592468E+02
      10     -0.720480149691E+02      0.408182555889E+02      0.408665885925E+02
      11     -0.720526013890E+02      0.407947498311E+02      0.420220832825E+02
      12     -0.720549384488E+02      0.407726446793E+02      0.437391052246E+02
      13     -0.720577783623E+02      0.407508029023E+02      0.452687492371E+02
      14     -0.720619203371E+02      0.407307440900E+02      0.466759719849E+02
      15     -0.720649388700E+02      0.407128613361E+02      0.477977180481E+02
      16     -0.720755490352E+02      0.406957807195E+02      0.486596717834E+02
      17     -0.720793254848E+02      0.406717405073E+02      0.500075607300E+02
      18     -0.720965672392E+02      0.406589095206E+02      0.503636169434E+02
      19     -0.720643708378E+02      0.408538443654E+02      0.375101051331E+02
      20     -0.720613274211E+02      0.408325512187E+02      0.399100646973E+02
      21     -0.720673059551E+02      0.408124381767E+02      0.410837745667E+02
      22     -0.720702394887E+02      0.407868162383E+02      0.425611686707E+02
      23     -0.720703063862E+02      0.407637628619E+02      0.441802711487E+02
      24     -0.720748054050E+02      0.407417406918E+02      0.457080688477E+02
      25     -0.720815854161E+02      0.407201516180E+02      0.469934120178E+02
      26     -0.720944705368E+02      0.407033899346E+02      0.477588615417E+02
      27     -0.720926556671E+02      0.406828131439E+02      0.490362167358E+02
      28     -0.721070973454E+02      0.406743857384E+02      0.491677017212E+02
      29     -0.720924669998E+02      0.408737361700E+02      0.348225555420E+02
      30     -0.720794502857E+02      0.408593699118E+02      0.367435340881E+02
      31     -0.720776933002E+02      0.408369867855E+02      0.391229362488E+02
      32     -0.720858783789E+02      0.408190766010E+02      0.403757629395E+02
      33     -0.720815391521E+02      0.408021635802E+02      0.414934043884E+02
      34     -0.720890978335E+02      0.407880394652E+02      0.423937568665E+02
      35     -0.720847977345E+02      0.407719086189E+02      0.434221954346E+02
      36     -0.720840233291E+02      0.407543472521E+02      0.446889038086E+02
      37     -0.720933820699E+02      0.407382894463E+02      0.456960182190E+02
      38     -0.721022962946E+02      0.407214651124E+02      0.465257797241E+02
      39     -0.721133966907E+02      0.407080031553E+02      0.471620712280E+02
      40     -0.721091124947E+02      0.406913300350E+02      0.481149673462E+02
      41     -0.721221915374E+02      0.406795689323E+02      0.484567832947E+02
      42     -0.721068003132E+02      0.408617877585E+02      0.358897018433E+02
      43     -0.720933725167E+02      0.408521003610E+02      0.373041114807E+02
      44     -0.720954089404E+02      0.408351253602E+02      0.389908027649E+02
      45     -0.721021884736E+02      0.408201852159E+02      0.401869773865E+02
      46     -0.720982959573E+02      0.408046708777E+02      0.414000434875E+02
      47     -0.721035303836E+02      0.407902829928E+02      0.423172416687E+02
      48     -0.721018992049E+02      0.407749750405E+02      0.432249183655E+02
      49     -0.720972808216E+02      0.407585174017E+02      0.442038002014E+02
      50     -0.721079613037E+02      0.407489288023E+02      0.447326164246E+02
      51     -0.721123868038E+02      0.407363180321E+02      0.454913253784E+02
      52     -0.721234524599E+02      0.407242897382E+02      0.460787277222E+02
      53     -0.721293633293E+02      0.407113349645E+02      0.467519493103E+02
      54     -0.721271157747E+02      0.406957197304E+02      0.475028839111E+02
      55     -0.721387983315E+02      0.406821551535E+02      0.479473228455E+02
      56     -0.721248104918E+02      0.408597154357E+02      0.356013450623E+02
      57     -0.721112935880E+02      0.408466176321E+02      0.375519981384E+02
      58     -0.721094919913E+02      0.408325453677E+02      0.389279747009E+02
      59     -0.721164854497E+02      0.408233217325E+02      0.395983505249E+02
      60     -0.721154821016E+02      0.408114553083E+02      0.406708526611E+02
      61     -0.721150660437E+02      0.407989160305E+02      0.417739372253E+02
      62     -0.721158450634E+02      0.407849961360E+02      0.426701316833E+02
      63     -0.721183009494E+02      0.407738147352E+02      0.433416023254E+02
      64     -0.721133287110E+02      0.407623374166E+02      0.439751319885E+02
      65     -0.721248309445E+02      0.407521163066E+02      0.445438995361E+02
      66     -0.721278543263E+02      0.407387889483E+02      0.452349586487E+02
      67     -0.721418365334E+02      0.407356633511E+02      0.453421440125E+02
      68     -0.721426461041E+02      0.407218016026E+02      0.460452728271E+02
      69     -0.721416717845E+02      0.407061060305E+02      0.467987022400E+02
      70     -0.721437398134E+02      0.406942069528E+02      0.473281211853E+02
      71     -0.721555314441E+02      0.406864745704E+02      0.475361328125E+02
      72     -0.721421262603E+02      0.408494311895E+02      0.367933349609E+02
      73     -0.721286961756E+02      0.408449533953E+02      0.373798294067E+02
      74     -0.721238496984E+02      0.408338927000E+02      0.384970474243E+02
      75     -0.721298846165E+02      0.408204625764E+02      0.397809906006E+02
      76     -0.721314220684E+02      0.408056083414E+02      0.411813583374E+02
      77     -0.721272661922E+02      0.407927353666E+02      0.421114463806E+02
      78     -0.721311701576E+02      0.407808755406E+02      0.428922615051E+02
      79     -0.721305661583E+02      0.407672665700E+02      0.437029876709E+02
      80     -0.721432732231E+02      0.407608696547E+02      0.440154914856E+02
      81     -0.721393581659E+02      0.407480081087E+02      0.447225036621E+02
      82     -0.721557052267E+02      0.407503919869E+02      0.445134963989E+02
      83     -0.721580614093E+02      0.407347388222E+02      0.452774200439E+02
      84     -0.721578251594E+02      0.407214226910E+02      0.459271087646E+02
      85     -0.721535608282E+02      0.407120674698E+02      0.463855705261E+02
      86     -0.721570320292E+02      0.407006284942E+02      0.468724822998E+02
      87     -0.721721256096E+02      0.406962603414E+02      0.468956718445E+02
      88     -0.721569610123E+02      0.408392784897E+02      0.376273231506E+02
      89     -0.721412021226E+02      0.408328225100E+02      0.385482101440E+02
      90     -0.721441191879E+02      0.408168186648E+02      0.400547866821E+02
      91     -0.721465933587E+02      0.408033743502E+02      0.411653289795E+02
      92     -0.721412421646E+02      0.407917139167E+02      0.421264572144E+02
      93     -0.721469047907E+02      0.407773133637E+02      0.430519866943E+02
      94     -0.721591628121E+02      0.407668709733E+02      0.435830421448E+02
      95     -0.721723825509E+02      0.407601822091E+02      0.438766860962E+02
      96     -0.721714342017E+02      0.407462140421E+02      0.445912513733E+02
      97     -0.721746025845E+02      0.407339330783E+02      0.451855201721E+02
      98     -0.721681803830E+02      0.407245475170E+02      0.456825561523E+02
      99     -0.721686561855E+02      0.407110154124E+02      0.462777023315E+02
     100     -0.721844257643E+02      0.407090306726E+02      0.461219444275E+02
     101     -0.721719236372E+02      0.408314466190E+02      0.378757057190E+02
     102     -0.721571724664E+02      0.408248210783E+02      0.390196228027E+02
     103     -0.721581443745E+02      0.408098573328E+02      0.403411178589E+02
     104     -0.721577474934E+02      0.407932814514E+02      0.418029251099E+02
     105     -0.721630766673E+02      0.407809362990E+02      0.427524337769E+02
     106     -0.721753158752E+02      0.407749680578E+02      0.429880065918E+02
     107     -0.721884972028E+02      0.407679783247E+02      0.432618904114E+02
     108     -0.721862158812E+02      0.407542633524E+02      0.440798835754E+02
     109     -0.721862203404E+02      0.407416408043E+02      0.447334594727E+02
     110     -0.721870877210E+02      0.407303235726E+02      0.452180557251E+02
     111     -0.721800207047E+02      0.407209385077E+02      0.456836624146E+02
     112     -0.721949640186E+02      0.407210250645E+02      0.454475517273E+02
     113     -0.721712589175E+02      0.408169211353E+02      0.392938995361E+02
     114     -0.721701957645E+02      0.408033515831E+02      0.407105751038E+02
     115     -0.721762731884E+02      0.407911405736E+02      0.417259788513E+02
     116     -0.721900714727E+02      0.407821368023E+02      0.420521087646E+02
     117     -0.722045586551E+02      0.407748307374E+02      0.423085937500E+02
     118     -0.722008815401E+02      0.407599969405E+02      0.435510368347E+02
     119     -0.721989916646E+02      0.407467764587E+02      0.444217033386E+02
     120     -0.721989118344E+02      0.407336102536E+02      0.449933776855E+02
     121     -0.722148260657E+02      0.407623037005E+02      0.430627098083E+02
     122     -0.722123306296E+02      0.407496394445E+02      0.440526504517E+02
     123     -0.722101096066E+02      0.407381657395E+02      0.447262573242E+02
       1       3      11       1      10
       2       3       1      11       2
       3       3       2      11      12
       4       3       2      12       3
       5       3      12      13       3
       6       3       3      13       4
       7       3      13      14       4
       8       3       4      14       5
       9       3      14      15       5
      10       3       6       5      15
      11       3      16       6      15
      12       3      16       7       6
      13       3      17       7      16
      14       3      17       8       7
      15       3       8      17       9
      16       3       9      17      18
      17       3      10      20      21
      18       3      10      21      11
      19       3      21      22      11
      20       3      11      22      12
      21       3      22      23      12
      22       3      12      23      13
      23       3      13      23      24
      24       3      24      14      13
      25       3      14      24      25
      26       3      14      25      15
      27       3      15      25      16
      28       3      25      26      16
      29       3      26      27      16
      30       3      16      27      17
      31       3      27      18      17
      32       3      27      28      18
      33       3      19      30      31
      34       3      19      31      20
      35       3      31      21      20
      36       3      32      21      31
      37       3      32      33      21
      38       3      22      21      33
      39       3      34      22      33
      40       3      34      35      22
      41       3      35      23      22
      42       3      35      36      23
      43       3      24      23      36
      44       3      24      36      37
      45       3      25      24      37
      46       3      37      38      25
      47       3      25      38      26
      48       3      39      26      38
      49       3      39      40      26
      50       3      26      40      27
      51       3      27      40      28
      52       3      41      28      40
      53       3      42      43      29
      54       3      29      43      30
      55       3      30      43      31
      56       3      43      44      31
      57       3      31      44      32
      58       3      44      45      32
      59       3      32      45      46
      60       3      32      46      33
      61       3      33      46      34
      62       3      46      47      34
      63       3      34      47      48
      64       3      34      48      35
      65       3      35      48      49
      66       3      35      49      36
      67       3      49      37      36
      68       3      49      50      37
      69       3      50      51      37
      70       3      51      38      37
      71       3      51      52      38
      72       3      39      38      52
      73       3      53      39      52
      74       3      39      53      54
      75       3      39      54      40
      76       3      41      40      54
      77       3      55      41      54
      78       3      42      56      57
      79       3      57      43      42
      80       3      43      57      44
      81       3      57      58      44
      82       3      44      58      45
      83       3      58      59      45
      84       3      60      45      59
      85       3      60      46      45
      86       3      60      61      46
      87       3      46      61      47
      88       3      61      62      47
      89       3      48      47      62
      90       3      63      48      62
      91       3      48      63      64
      92       3      48      64      49
      93       3      50      49      64
      94       3      65      50      64
      95       3      51      50      65
      96       3      66      51      65
      97       3      51      66      52
      98       3      66      67      52
      99       3      67      68      52
     100       3      53      52      68
     101       3      69      53      68
     102       3      54      53      69
     103       3      70      54      69
     104       3      55      54      70
     105       3      55      70      71
     106       3      56      72      73
     107       3      56      73      57
     108       3      57      73      74
     109       3      57      74      58
     110       3      58      74      59
     111       3      74      75      59
     112       3      59      75      60
     113       3      75      76      60
     114       3      61      60      76
     115       3      77      61      76
     116       3      77      62      61
     117       3      62      77      78
     118       3      62      78      63
     119       3      79      63      78
     120       3      64      63      79
     121       3      65      64      79
     122       3      79      80      65
     123       3      80      81      65
     124       3      65      81      66
     125       3      81      67      66
     126       3      81      82      67
     127       3      82      83      67
     128       3      67      83      68
     129       3      83      84      68
     130       3      68      84      85
     131       3      68      85      69
     132       3      69      85      86
     133       3      69      86      70
     134       3      71      70      86
     135       3      71      86      87
     136       3      72      88      89
     137       3      89      73      72
     138       3      89      74      73
     139       3      74      89      75
     140       3      89      90      75
     141       3      76      75      90
     142       3      91      76      90
     143       3      92      76      91
     144       3      92      77      76
     145       3      78      77      92
     146       3      93      78      92
     147       3      79      78      93
     148       3      80      79      93
     149       3      93      94      80
     150       3      82      80      94
     151       3      81      80      82
     152       3      94      95      82
     153       3      95      96      82
     154       3      82      96      83
     155       3      96      97      83
     156       3      83      97      98
     157       3      83      98      84
     158       3      99      84      98
     159       3      99      85      84
     160       3      86      85      99
     161       3      87      86      99
     162       3      99     100      87
     163       3      88     101     102
     164       3      88     102      89
     165       3      89     102      90
     166       3     103      90     102
     167       3      90     103      91
     168       3     103     104      91
     169       3      91     104      92
     170       3      93      92     104
     171       3     105      93     104
     172       3      93     105      94
     173       3     105     106      94
     174       3     106      95      94
     175       3     106     107      95
     176       3     108      95     107
     177       3      96      95     108
     178       3     109      96     108
     179       3      97      96     109
     180       3     110      97     109
     181       3      97     110     111
     182       3      97     111      98
     183       3      99      98     111
     184       3     100      99     111
     185       3     100     111     112
     186       3     102     101     113
     187       3     103     102     113
     188       3     114     103     113
     189       3     104     103     114
     190       3     115     104     114
     191       3     105     104     115
     192       3     106     105     115
     193       3     106     115     116
     194       3     116     107     106
     195       3     116     117     107
     196       3     117     118     107
     197       3     118     108     107
     198       3     118     119     108
     199       3     108     119     109
     200       3     109     119     120
     201       3     109     120     110
     202       3     120     112     110
     203       3     110     112     111
     204       3     118     117     121
     205       3     122     118     121
     206       3     122     119     118
     207       3     123     119     122
     208       3     120     119     123
 1                    ! Number of open boundaries                               
 9                   ! Total number of open boundary nodes                      
 9                   ! Number of nodes for open boundary 1                      
           9
           8
           7
           6
           5
           4
           3
           2
           1
 0 = Number of land boundaries                                                  
 0 = Total number of land boundary nodes                                        
