RES NODE           4          94
                  10          11          13          14          15          16
                  17          18          23          25          26          27
                  28          29          30          31          32          33
                  34          37          38          40          41          42
                  43          44          45          46          47          48
                  49          50          51          52          53          54
                  56          57          58          59          60          61
                  62          63          64          65          66          67
                  68          69          70          71          73          74
                  75          76          77          78          79          80
                  81          82          83          84          85          86
                  87          88          91          92          93          94
                  95          96          97          98          99         100
                 101         102         103         104         105         108
                 112         113         114         115         116         117
                 118         123         124         125
COMM PE            4
RECV PE            0           4
                   9          24          39          55
RECV PE            1           3
                  72          89          90
RECV PE            5          15
                   1           2           3           4           5           6
                   7           8          12          19          20          21
                  22          35          36
RECV PE            7          12
                 106         107         109         110         111         119
                 120         121         122         126         127         128
SEND PE            0           6
                  10          25          40          56          57          73
SEND PE            1           3
                  73          74          91
SEND PE            5          14
                  10          11          13          14          15          16
                  17          18          23          33          34          37
                  50          51
SEND PE            7          13
                  91          92          94          96         105         108
                 112         113         114         118         123         124
                 125
