 Shinacock Inlet Coarse Grid                                                    
     214     128
       1     -0.727460909590E+02      0.405803988683E+02      0.384155654907E+02
       2     -0.727550637004E+02      0.405911551526E+02      0.376345901489E+02
       3     -0.727727125079E+02      0.406091308519E+02      0.360664749146E+02
       4     -0.727854594022E+02      0.406191553943E+02      0.350208854675E+02
       5     -0.727946507887E+02      0.406320352985E+02      0.337806243896E+02
       6     -0.728036593264E+02      0.406440722265E+02      0.325643005371E+02
       7     -0.728117528417E+02      0.406575486250E+02      0.310089836121E+02
       8     -0.728294320032E+02      0.407422458903E+02      0.100931251050E+01
       9     -0.727294038679E+02      0.405812287067E+02      0.386181907654E+02
      10     -0.727385831153E+02      0.405943086569E+02      0.377933082581E+02
      11     -0.727465544168E+02      0.406061243015E+02      0.367103614807E+02
      12     -0.727595885034E+02      0.406042401584E+02      0.366619720459E+02
      13     -0.727568841523E+02      0.406172961597E+02      0.356130676270E+02
      14     -0.727687739232E+02      0.406246649556E+02      0.348677597046E+02
      15     -0.727794246051E+02      0.406342537701E+02      0.339170303345E+02
      16     -0.727878355624E+02      0.406456941308E+02      0.329493904114E+02
      17     -0.727966784069E+02      0.406552532364E+02      0.318090324402E+02
      18     -0.727981556598E+02      0.406673493336E+02      0.304708652496E+02
      19     -0.728117882410E+02      0.406730852636E+02      0.294349193573E+02
      20     -0.728125982345E+02      0.406874581260E+02      0.276337623596E+02
      21     -0.728138535730E+02      0.406993928081E+02      0.256740570068E+02
      22     -0.728193452123E+02      0.407338200360E+02      0.122864551544E+02
      23     -0.728133575358E+02      0.407474339772E+02      0.166418385510E+01
      24     -0.727137731758E+02      0.405869850416E+02      0.383786773682E+02
      25     -0.727238831754E+02      0.405976377341E+02      0.376492156982E+02
      26     -0.727315488643E+02      0.406099797724E+02      0.367839736938E+02
      27     -0.727419165081E+02      0.406206029066E+02      0.356776237488E+02
      28     -0.727525321590E+02      0.406331933261E+02      0.344794464111E+02
      29     -0.727651895326E+02      0.406384098158E+02      0.338150863647E+02
      30     -0.727730038931E+02      0.406484066859E+02      0.327615776062E+02
      31     -0.727826983931E+02      0.406606464120E+02      0.315027484894E+02
      32     -0.727862661729E+02      0.406743495295E+02      0.299417190552E+02
      33     -0.727982120359E+02      0.406820040469E+02      0.288962955475E+02
      34     -0.727984403222E+02      0.406971504391E+02      0.265450439453E+02
      35     -0.728085182957E+02      0.407115584332E+02      0.215933895111E+02
      36     -0.728115711044E+02      0.407246910038E+02      0.191596164703E+02
      37     -0.728052742519E+02      0.407371731450E+02      0.128669233322E+02
      38     -0.727980920582E+02      0.407522320967E+02      0.157811427120E+01
      39     -0.726986026971E+02      0.405955780787E+02      0.381598052979E+02
      40     -0.727109392278E+02      0.406004745050E+02      0.376423912048E+02
      41     -0.727155890809E+02      0.406135460505E+02      0.367825279236E+02
      42     -0.727258619349E+02      0.406256724176E+02      0.357434806824E+02
      43     -0.727382546605E+02      0.406329805343E+02      0.348343734741E+02
      44     -0.727409110727E+02      0.406463600872E+02      0.337341156006E+02
      45     -0.727554169842E+02      0.406505959414E+02      0.328373527527E+02
      46     -0.727676914544E+02      0.406599054969E+02      0.317627029419E+02
      47     -0.727720835413E+02      0.406732574383E+02      0.302869453430E+02
      48     -0.727825307798E+02      0.406878499469E+02      0.285711116791E+02
      49     -0.727837314674E+02      0.407012952852E+02      0.269250278473E+02
      50     -0.727924993368E+02      0.407115382130E+02      0.247974185944E+02
      51     -0.727988956112E+02      0.407238637701E+02      0.205773162842E+02
      52     -0.727926224416E+02      0.407364224440E+02      0.156389369965E+02
      53     -0.727860622429E+02      0.407458922389E+02      0.106710319519E+02
      54     -0.727835563861E+02      0.407565772672E+02      0.102448773380E+01
      55     -0.726878845302E+02      0.406113964576E+02      0.374392166138E+02
      56     -0.727018465085E+02      0.406092410041E+02      0.373074073792E+02
      57     -0.726986356479E+02      0.406226517579E+02      0.365521163940E+02
      58     -0.727118136743E+02      0.406272830139E+02      0.360095558167E+02
      59     -0.727150276794E+02      0.406407856930E+02      0.349786720276E+02
      60     -0.727284821472E+02      0.406400382989E+02      0.346512298584E+02
      61     -0.727258972288E+02      0.406533921484E+02      0.337356643677E+02
      62     -0.727406747418E+02      0.406620502805E+02      0.324677162170E+02
      63     -0.727560719450E+02      0.406660144068E+02      0.314830188751E+02
      64     -0.727589475462E+02      0.406783138596E+02      0.304206924438E+02
      65     -0.727678251788E+02      0.406862961624E+02      0.292477798462E+02
      66     -0.727688596189E+02      0.406992587130E+02      0.278701457977E+02
      67     -0.727770508166E+02      0.407127141857E+02      0.253739471436E+02
      68     -0.727847682657E+02      0.407240952725E+02      0.220804882050E+02
      69     -0.727791911755E+02      0.407359126217E+02      0.186473827362E+02
      70     -0.727743738367E+02      0.407483356149E+02      0.111698083878E+02
      71     -0.727697146981E+02      0.407604289523E+02      0.134306132790E+01
      72     -0.726707839539E+02      0.406196058665E+02      0.371695785522E+02
      73     -0.726838851117E+02      0.406248871549E+02      0.366561660767E+02
      74     -0.726882347519E+02      0.406374247026E+02      0.357981185913E+02
      75     -0.727020719827E+02      0.406358157131E+02      0.356599617004E+02
      76     -0.726989888411E+02      0.406490709704E+02      0.347944717407E+02
      77     -0.727111346142E+02      0.406539232956E+02      0.341596412659E+02
      78     -0.727141642400E+02      0.406651765641E+02      0.332553558350E+02
      79     -0.727266962567E+02      0.406664543078E+02      0.327237472534E+02
      80     -0.727311366112E+02      0.406782839226E+02      0.316391868591E+02
      81     -0.727461132904E+02      0.406763604027E+02      0.311912231445E+02
      82     -0.727540666571E+02      0.406905590381E+02      0.295032157898E+02
      83     -0.727540612403E+02      0.407039402941E+02      0.272977828979E+02
      84     -0.727639103781E+02      0.407130487602E+02      0.251585063934E+02
      85     -0.727695944134E+02      0.407261424165E+02      0.224925251007E+02
      86     -0.727676052912E+02      0.407390596687E+02      0.185600280762E+02
      87     -0.727617159903E+02      0.407501170804E+02      0.118664264679E+02
      88     -0.727564235777E+02      0.407633997137E+02      0.423117971420E+01
      89     -0.726731850499E+02      0.406341898717E+02      0.362279968262E+02
      90     -0.726746914471E+02      0.406470643612E+02      0.354041519165E+02
      91     -0.726856164623E+02      0.406507670265E+02      0.349383163452E+02
      92     -0.726887124747E+02      0.406619336466E+02      0.341254043579E+02
      93     -0.727010972397E+02      0.406640027683E+02      0.337224922180E+02
      94     -0.727046870367E+02      0.406779963096E+02      0.324559249878E+02
      95     -0.727181110025E+02      0.406759799781E+02      0.322445411682E+02
      96     -0.727160596843E+02      0.406886296810E+02      0.308437900543E+02
      97     -0.727291018452E+02      0.406930668681E+02      0.300306472778E+02
      98     -0.727404273263E+02      0.406873007581E+02      0.305248451233E+02
      99     -0.727414799349E+02      0.406990527218E+02      0.289919643402E+02
     100     -0.727415740128E+02      0.407118141711E+02      0.272377777100E+02
     101     -0.727518945137E+02      0.407156030325E+02      0.257699337006E+02
     102     -0.727572478667E+02      0.407242469352E+02      0.239493942261E+02
     103     -0.727555029877E+02      0.407368111280E+02      0.204422645569E+02
     104     -0.727497462390E+02      0.407514419983E+02      0.137632837296E+02
     105     -0.727439316431E+02      0.407666815898E+02      0.160492539410E+01
     106     -0.726758051286E+02      0.406601791462E+02      0.345709037781E+02
     107     -0.726781296975E+02      0.406722904468E+02      0.336516609192E+02
     108     -0.726909655775E+02      0.406747054690E+02      0.330200157166E+02
     109     -0.726920297688E+02      0.406872552703E+02      0.318069152832E+02
     110     -0.727029429697E+02      0.406913779292E+02      0.309393978119E+02
     111     -0.727069033206E+02      0.407034567412E+02      0.294500694275E+02
     112     -0.727191815219E+02      0.407014955179E+02      0.289934806824E+02
     113     -0.727296798345E+02      0.407067572958E+02      0.281133289337E+02
     114     -0.727310822417E+02      0.407194223151E+02      0.258543834686E+02
     115     -0.727444447382E+02      0.407259436654E+02      0.227433090210E+02
     116     -0.727421583540E+02      0.407397120562E+02      0.186805744171E+02
     117     -0.727384175347E+02      0.407517070158E+02      0.154314031601E+02
     118     -0.727337251645E+02      0.407607057067E+02      0.100655202866E+02
     119     -0.727321526707E+02      0.407700113734E+02      0.148682737350E+01
     120     -0.726798089300E+02      0.406844483202E+02      0.325837173462E+02
     121     -0.727172826895E+02      0.407151401607E+02      0.273772144318E+02
     122     -0.727218600257E+02      0.407283070195E+02      0.254815349579E+02
     123     -0.727335115884E+02      0.407310355660E+02      0.190917797089E+02
     124     -0.727282631151E+02      0.407415043312E+02      0.220696411133E+02
     125     -0.727277858342E+02      0.407525779704E+02      0.167033405304E+02
     126     -0.727235644777E+02      0.407617756630E+02      0.115191364288E+02
     127     -0.727164915279E+02      0.407382651881E+02      0.234956703186E+02
     128     -0.727170089576E+02      0.407505006719E+02      0.193238086700E+02
       1       3       1       9      10
       2       3      10       2       1
       3       3       2      10      11
       4       3       2      11      12
       5       3       3      12      13
       6       3       3      13      14
       7       3      14       4       3
       8       3      15       4      14
       9       3       4      15       5
      10       3      15      16       5
      11       3       5      16       6
      12       3       6      16      17
      13       3       6      17       7
      14       3      18       7      17
      15       3      18      19       7
      16       3      22      23       8
      17       3       9      24      25
      18       3       9      25      10
      19       3      26      10      25
      20       3      26      11      10
      21       3      11      26      27
      22       3      11      27      13
      23       3      12      11      13
      24       3      13      27      28
      25       3      14      13      28
      26       3      14      28      29
      27       3      29      15      14
      28       3      15      29      30
      29       3      15      30      16
      30       3      31      16      30
      31       3      16      31      17
      32       3      18      17      31
      33       3      32      18      31
      34       3      33      18      32
      35       3      18      33      19
      36       3      19      33      20
      37       3      20      33      34
      38       3      20      34      21
      39       3      21      34      35
      40       3      36      37      22
      41       3      22      37      23
      42       3      23      37      38
      43       3      24      39      40
      44       3      24      40      25
      45       3      41      25      40
      46       3      41      26      25
      47       3      26      41      42
      48       3      26      42      27
      49       3      43      27      42
      50       3      27      43      28
      51       3      28      43      44
      52       3      28      44      45
      53       3      29      28      45
      54       3      29      45      30
      55       3      30      45      46
      56       3      46      31      30
      57       3      31      46      47
      58       3      31      47      32
      59       3      32      47      48
      60       3      48      33      32
      61       3      33      48      34
      62       3      48      49      34
      63       3      34      49      50
      64       3      34      50      35
      65       3      51      35      50
      66       3      51      36      35
      67       3      36      51      37
      68       3      51      52      37
      69       3      37      52      38
      70       3      38      52      53
      71       3      54      38      53
      72       3      55      56      39
      73       3      56      40      39
      74       3      56      41      40
      75       3      57      41      56
      76       3      57      58      41
      77       3      41      58      42
      78       3      42      58      59
      79       3      42      59      60
      80       3      60      43      42
      81       3      43      60      44
      82       3      60      61      44
      83       3      44      61      62
      84       3      45      44      62
      85       3      45      62      63
      86       3      45      63      46
      87       3      46      63      47
      88       3      63      64      47
      89       3      47      64      65
      90       3      47      65      48
      91       3      48      65      66
      92       3      48      66      49
      93       3      49      66      67
      94       3      49      67      50
      95       3      68      50      67
      96       3      51      50      68
      97       3      51      68      52
      98       3      68      69      52
      99       3      52      69      53
     100       3      69      70      53
     101       3      70      54      53
     102       3      70      71      54
     103       3      55      72      73
     104       3      73      57      55
     105       3      57      56      55
     106       3      74      57      73
     107       3      74      75      57
     108       3      75      58      57
     109       3      75      59      58
     110       3      59      75      76
     111       3      59      76      77
     112       3      59      77      61
     113       3      60      59      61
     114       3      61      77      78
     115       3      61      78      79
     116       3      61      79      62
     117       3      80      62      79
     118       3      80      81      62
     119       3      63      62      81
     120       3      63      81      64
     121       3      64      81      82
     122       3      64      82      65
     123       3      66      65      82
     124       3      83      66      82
     125       3      84      66      83
     126       3      66      84      67
     127       3      85      67      84
     128       3      85      68      67
     129       3      69      68      85
     130       3      86      69      85
     131       3      70      69      86
     132       3      87      70      86
     133       3      70      87      71
     134       3      88      71      87
     135       3      73      72      89
     136       3      73      89      74
     137       3      74      89      90
     138       3      74      90      91
     139       3      91      76      74
     140       3      76      75      74
     141       3      92      76      91
     142       3      92      93      76
     143       3      93      77      76
     144       3      93      78      77
     145       3      78      93      94
     146       3      78      94      95
     147       3      95      79      78
     148       3      95      80      79
     149       3      80      95      96
     150       3      80      96      97
     151       3      97      98      80
     152       3      98      81      80
     153       3      81      98      82
     154       3      82      98      99
     155       3      82      99      83
     156       3      99     100      83
     157       3      83     100     101
     158       3     101      84      83
     159       3     102      84     101
     160       3      85      84     102
     161       3     103      85     102
     162       3     103      86      85
     163       3      87      86     103
     164       3     104      87     103
     165       3      87     104      88
     166       3     105      88     104
     167       3      91      90     106
     168       3      91     106      92
     169       3      92     106     107
     170       3      92     107     108
     171       3      93      92     108
     172       3      93     108      94
     173       3      94     108     109
     174       3      94     109     110
     175       3      94     110      96
     176       3      95      94      96
     177       3     111      96     110
     178       3     111     112      96
     179       3     112      97      96
     180       3     112     113      97
     181       3      97     113      99
     182       3      98      97      99
     183       3      99     113     100
     184       3     113     114     100
     185       3     115     100     114
     186       3     115     101     100
     187       3     115     102     101
     188       3     102     115     103
     189       3     115     116     103
     190       3     103     116     104
     191       3     116     117     104
     192       3     117     105     104
     193       3     118     105     117
     194       3     105     118     119
     195       3     108     107     120
     196       3     108     120     109
     197       3     112     111     121
     198       3     113     112     121
     199       3     113     121     114
     200       3     122     114     121
     201       3     122     123     114
     202       3     123     115     114
     203       3     115     123     116
     204       3     123     124     116
     205       3     117     116     124
     206       3     125     117     124
     207       3     117     125     118
     208       3     125     126     118
     209       3     119     118     126
     210       3     122     127     124
     211       3     123     122     124
     212       3     124     127     128
     213       3     124     128     125
     214       3     125     128     126
 0                    ! Number of open boundaries                               
 0                   ! Total number of open boundary nodes                      
 1 = Number of land boundaries                                                  
 8 = Total number of land boundary nodes                                        
       8       0  = Number of nodes for land boundary 1                         
     119
     105
      88
      71
      54
      38
      23
       8
