RES NODE          16          96
                   4           5          10          11          12          23
                  24          25          26          27          28          29
                  30          31          32          33          34          36
                  37          39          40          41          42          43
                  44          45          46          47          48          49
                  50          51          52          53          55          56
                  57          58          59          60          61          62
                  63          64          65          66          67          68
                  70          71          72          73          74          75
                  76          77          78          79          80          81
                  82          83          86          87          88          89
                  90          91          92          93          94          95
                  96          97          99         100         101         102
                 103         104         105         107         108         109
                 110         111         112         114         115         116
                 117         118         120         121         122         124
COMM PE            4
RECV PE           12           6
                  98         106         113         119         123         125
RECV PE           15           5
                  38          54          69          84          85
RECV PE           17           9
                   6          13          14          15          16          17
                  18          19          35
RECV PE           18           9
                   1           2           3           7           8           9
                  20          21          22
SEND PE           12           7
                  83          97         105         112         118         122
                 124
SEND PE           15           4
                  37          53          68          83
SEND PE           17           9
                   5          12          30          31          32          33
                  34          36          37
SEND PE           18          10
                   4           5          10          23          24          25
                  26          39          40          41
