 Shinacock Inlet Coarse Grid                                                    
     205     125
       1     -0.723606173237E+02      0.408292453768E+02      0.256946887970E+02
       2     -0.723611153045E+02      0.408220525751E+02      0.279952011108E+02
       3     -0.723659906770E+02      0.408349681770E+02      0.241701526642E+02
       4     -0.723673873461E+02      0.408284878998E+02      0.254007682800E+02
       5     -0.723698496191E+02      0.408223645108E+02      0.269605941772E+02
       6     -0.723672871138E+02      0.408159221335E+02      0.288986148834E+02
       7     -0.723814323485E+02      0.408534618905E+02      0.158261280060E+02
       8     -0.723784570835E+02      0.408470884163E+02      0.189207305908E+02
       9     -0.723712042361E+02      0.408416824898E+02      0.219854011536E+02
      10     -0.723738174297E+02      0.408344602751E+02      0.240935707092E+02
      11     -0.723737760032E+02      0.408279561057E+02      0.250869960785E+02
      12     -0.723775916471E+02      0.408235603085E+02      0.252139434814E+02
      13     -0.723744739479E+02      0.408171080373E+02      0.272922286987E+02
      14     -0.723798351747E+02      0.408126051883E+02      0.282236080170E+02
      15     -0.723860813129E+02      0.408104597413E+02      0.277848663330E+02
      16     -0.723875281458E+02      0.408046361858E+02      0.287863998413E+02
      17     -0.723939604423E+02      0.408021163275E+02      0.290193881989E+02
      18     -0.724053441439E+02      0.407971398185E+02      0.291278343201E+02
      19     -0.724084458169E+02      0.407915833855E+02      0.296459178925E+02
      20     -0.723848191168E+02      0.408708150063E+02      0.337040805820E+01
      21     -0.723841059280E+02      0.408645640222E+02      0.819919967650E+01
      22     -0.723851219875E+02      0.408588234350E+02      0.124561157227E+02
      23     -0.723872879312E+02      0.408539164393E+02      0.152728710175E+02
      24     -0.723863039296E+02      0.408485641670E+02      0.168140373230E+02
      25     -0.723852605990E+02      0.408425545695E+02      0.181887779236E+02
      26     -0.723780475581E+02      0.408405280519E+02      0.200132274628E+02
      27     -0.723816955686E+02      0.408358993119E+02      0.217270584106E+02
      28     -0.723801465929E+02      0.408297356684E+02      0.241291446686E+02
      29     -0.723856431055E+02      0.408245570595E+02      0.244743595123E+02
      30     -0.723808637627E+02      0.408191205395E+02      0.262652568817E+02
      31     -0.723862151343E+02      0.408173747277E+02      0.266803054810E+02
      32     -0.723916172786E+02      0.408150824450E+02      0.264510021210E+02
      33     -0.723936058678E+02      0.408095200312E+02      0.275121021271E+02
      34     -0.724008163132E+02      0.408087385167E+02      0.274851245880E+02
      35     -0.724011812682E+02      0.408022074626E+02      0.286926879883E+02
      36     -0.724073511763E+02      0.408039670118E+02      0.282213878632E+02
      37     -0.724130253753E+02      0.407987224314E+02      0.285325469971E+02
      38     -0.724155263383E+02      0.407918509135E+02      0.292834892273E+02
      39     -0.723890339286E+02      0.408689853222E+02      0.382985711100E+01
      40     -0.723894525409E+02      0.408630925553E+02      0.810663700100E+01
      41     -0.723910448323E+02      0.408576467112E+02      0.131541481018E+02
      42     -0.723926736255E+02      0.408516404502E+02      0.156458492279E+02
      43     -0.723935598721E+02      0.408455399531E+02      0.174163551331E+02
      44     -0.723920867586E+02      0.408400493561E+02      0.188645610809E+02
      45     -0.723877729370E+02      0.408368701707E+02      0.202517051697E+02
      46     -0.723870206431E+02      0.408312276693E+02      0.231858940125E+02
      47     -0.723930820111E+02      0.408279321910E+02      0.237523155212E+02
      48     -0.723925637139E+02      0.408213381596E+02      0.249069042206E+02
      49     -0.723984706789E+02      0.408166434858E+02      0.254728012085E+02
      50     -0.724048546503E+02      0.408151288589E+02      0.257882041931E+02
      51     -0.724084956888E+02      0.408105864114E+02      0.268133697510E+02
      52     -0.724139555303E+02      0.408060917754E+02      0.274662437439E+02
      53     -0.724201128787E+02      0.408033962466E+02      0.276002578735E+02
      54     -0.724203989828E+02      0.407966768417E+02      0.284094409943E+02
      55     -0.723930728950E+02      0.408674958581E+02      0.342680478100E+01
      56     -0.723950024026E+02      0.408619223385E+02      0.560882282260E+01
      57     -0.723963755992E+02      0.408561618415E+02      0.124144859314E+02
      58     -0.723997980054E+02      0.408508900177E+02      0.147416296005E+02
      59     -0.724005973251E+02      0.408453980580E+02      0.172918395996E+02
      60     -0.723990145414E+02      0.408391573674E+02      0.192191143036E+02
      61     -0.723935795274E+02      0.408343490259E+02      0.215971393585E+02
      62     -0.723999243024E+02      0.408319492567E+02      0.216300811768E+02
      63     -0.723993490295E+02      0.408246189733E+02      0.239221820831E+02
      64     -0.724054370113E+02      0.408215919386E+02      0.243735904694E+02
      65     -0.724115850943E+02      0.408179930478E+02      0.251643524170E+02
      66     -0.724142807093E+02      0.408121696320E+02      0.262409267426E+02
      67     -0.724201473762E+02      0.408102739776E+02      0.261875476837E+02
      68     -0.724266970435E+02      0.408082013346E+02      0.265808792114E+02
      69     -0.724264206665E+02      0.408004685514E+02      0.277866973877E+02
      70     -0.723969309536E+02      0.408663108552E+02      0.314880824090E+01
      71     -0.724005253853E+02      0.408651327214E+02      0.334924745560E+01
      72     -0.723999534522E+02      0.408604116137E+02      0.750669717790E+01
      73     -0.724013855652E+02      0.408560500163E+02      0.120805892944E+02
      74     -0.724067859307E+02      0.408554170339E+02      0.102140235901E+02
      75     -0.724068337131E+02      0.408488071709E+02      0.147220430374E+02
      76     -0.724051942713E+02      0.408424023091E+02      0.166814689636E+02
      77     -0.724066970765E+02      0.408362344095E+02      0.192009849548E+02
      78     -0.724061335451E+02      0.408287346146E+02      0.221698093414E+02
      79     -0.724123986038E+02      0.408251625720E+02      0.239629497528E+02
      80     -0.724186272058E+02      0.408219444247E+02      0.234002323151E+02
      81     -0.724180026118E+02      0.408160959536E+02      0.248793830872E+02
      82     -0.724243826799E+02      0.408167602156E+02      0.242271461487E+02
      83     -0.724302884793E+02      0.408142237078E+02      0.250338325500E+02
      84     -0.724341409937E+02      0.408092766547E+02      0.255534057617E+02
      85     -0.724327277757E+02      0.408032677328E+02      0.271546573639E+02
      86     -0.724045025203E+02      0.408636864905E+02      0.307325077060E+01
      87     -0.724043990782E+02      0.408594469181E+02      0.901108360290E+01
      88     -0.724085700448E+02      0.408622402596E+02      0.416067790990E+01
      89     -0.724129991269E+02      0.408606132498E+02      0.264082527160E+01
      90     -0.724121366626E+02      0.408544244964E+02      0.875433540340E+01
      91     -0.724129976987E+02      0.408492763787E+02      0.119508771896E+02
      92     -0.724116697770E+02      0.408432750462E+02      0.156588010788E+02
      93     -0.724138810109E+02      0.408378608657E+02      0.182628707886E+02
      94     -0.724129638938E+02      0.408319343485E+02      0.218527374268E+02
      95     -0.724194973722E+02      0.408289167545E+02      0.213313961029E+02
      96     -0.724252169713E+02      0.408250185943E+02      0.212402858734E+02
      97     -0.724306113426E+02      0.408207721053E+02      0.225217094421E+02
      98     -0.724363047938E+02      0.408162744492E+02      0.237073078156E+02
      99     -0.724173890000E+02      0.408591550000E+02      0.109879457950E+01
     100     -0.724175310682E+02      0.408534380777E+02      0.745964050290E+01
     101     -0.724180982404E+02      0.408477210043E+02      0.121475429535E+02
     102     -0.724190270070E+02      0.408421792625E+02      0.159284210205E+02
     103     -0.724199108093E+02      0.408356303590E+02      0.174253940582E+02
     104     -0.724267182256E+02      0.408332418042E+02      0.174387359619E+02
     105     -0.724316464521E+02      0.408279780544E+02      0.197814884186E+02
     106     -0.724366546469E+02      0.408231984721E+02      0.207404308319E+02
     107     -0.724216690000E+02      0.408580010000E+02      0.110287022590E+01
     108     -0.724229391109E+02      0.408526097493E+02      0.753811979290E+01
     109     -0.724245408545E+02      0.408476840366E+02      0.124294767380E+02
     110     -0.724253104346E+02      0.408408044533E+02      0.161581802368E+02
     111     -0.724314010977E+02      0.408404093086E+02      0.150370664597E+02
     112     -0.724342822789E+02      0.408348152050E+02      0.177716617584E+02
     113     -0.724379574542E+02      0.408298405917E+02      0.178870601654E+02
     114     -0.724259010000E+02      0.408566810000E+02      0.110179543500E+01
     115     -0.724301280000E+02      0.408553450000E+02      0.106892776490E+01
     116     -0.724300240524E+02      0.408473981299E+02      0.106236696243E+02
     117     -0.724353207327E+02      0.408468465880E+02      0.985201740260E+01
     118     -0.724379671073E+02      0.408412071863E+02      0.136234798431E+02
     119     -0.724414090055E+02      0.408362913354E+02      0.149857530594E+02
     120     -0.724343520000E+02      0.408540000000E+02      0.107761704920E+01
     121     -0.724385790000E+02      0.408526610000E+02      0.102126908300E+01
     122     -0.724409017910E+02      0.408470686427E+02      0.739249610900E+01
     123     -0.724447461462E+02      0.408435021654E+02      0.893022060390E+01
     124     -0.724428130000E+02      0.408513490000E+02      0.113468492030E+01
     125     -0.724470320000E+02      0.408499880000E+02      0.105619120600E+01
       1       3       4       1       3
       2       3       2       1       4
       3       3       5       2       4
       4       3       2       5       6
       5       3      10       3       9
       6       3       3      10       4
       7       3      10      11       4
       8       3       5       4      11
       9       3       5      11      12
      10       3      13       5      12
      11       3       5      13       6
      12       3      22      23       7
      13       3       7      23      24
      14       3       7      24       8
      15       3      25       8      24
      16       3      25      26       8
      17       3       8      26       9
      18       3      10       9      26
      19       3      27      10      26
      20       3      10      27      28
      21       3      10      28      11
      22       3      12      11      28
      23       3      29      12      28
      24       3      12      29      30
      25       3      12      30      13
      26       3      14      13      30
      27       3      14      30      31
      28       3      15      14      31
      29       3      31      32      15
      30       3      32      33      15
      31       3      16      15      33
      32       3      17      16      33
      33       3      17      33      34
      34       3      35      17      34
      35       3      35      36      18
      36       3      36      37      18
      37       3      19      18      37
      38       3      38      19      37
      39       3      21      20      39
      40       3      39      40      21
      41       3      22      21      40
      42       3      40      41      22
      43       3      23      22      41
      44       3      42      23      41
      45       3      24      23      42
      46       3      43      24      42
      47       3      25      24      43
      48       3      44      25      43
      49       3      25      44      45
      50       3      45      27      25
      51       3      27      26      25
      52       3      46      27      45
      53       3      46      28      27
      54       3      29      28      46
      55       3      29      46      47
      56       3      48      29      47
      57       3      29      48      31
      58       3      29      31      30
      59       3      48      32      31
      60       3      48      49      32
      61       3      33      32      49
      62       3      34      33      49
      63       3      49      50      34
      64       3      50      51      34
      65       3      34      51      36
      66       3      34      36      35
      67       3      52      36      51
      68       3      36      52      37
      69       3      52      53      37
      70       3      53      54      37
      71       3      38      37      54
      72       3      40      39      55
      73       3      55      56      40
      74       3      40      56      41
      75       3      56      57      41
      76       3      57      42      41
      77       3      42      57      58
      78       3      42      58      43
      79       3      58      59      43
      80       3      43      59      60
      81       3      43      60      44
      82       3      61      44      60
      83       3      44      61      45
      84       3      46      45      61
      85       3      47      46      61
      86       3      47      61      62
      87       3      63      47      62
      88       3      48      47      63
      89       3      49      48      63
      90       3      64      49      63
      91       3      64      50      49
      92       3      64      65      50
      93       3      51      50      65
      94       3      66      51      65
      95       3      52      51      66
      96       3      52      66      67
      97       3      53      52      67
      98       3      67      68      53
      99       3      68      69      53
     100       3      53      69      54
     101       3      55      70      56
     102       3      71      56      70
     103       3      71      72      56
     104       3      72      57      56
     105       3      72      73      57
     106       3      73      58      57
     107       3      73      74      58
     108       3      75      58      74
     109       3      75      59      58
     110       3      76      59      75
     111       3      60      59      76
     112       3      60      76      77
     113       3      60      77      62
     114       3      62      61      60
     115       3      78      62      77
     116       3      78      63      62
     117       3      64      63      78
     118       3      79      64      78
     119       3      64      79      65
     120       3      79      80      65
     121       3      80      81      65
     122       3      66      65      81
     123       3      67      66      81
     124       3      67      81      82
     125       3      68      67      82
     126       3      68      82      83
     127       3      84      68      83
     128       3      68      84      85
     129       3      68      85      69
     130       3      72      71      86
     131       3      86      87      72
     132       3      72      87      73
     133       3      87      74      73
     134       3      88      74      87
     135       3      74      88      89
     136       3      90      74      89
     137       3      75      74      90
     138       3      91      75      90
     139       3      92      75      91
     140       3      92      76      75
     141       3      77      76      92
     142       3      93      77      92
     143       3      94      77      93
     144       3      94      78      77
     145       3      79      78      94
     146       3      94      95      79
     147       3      95      80      79
     148       3      95      96      80
     149       3      82      80      96
     150       3      80      82      81
     151       3      97      82      96
     152       3      97      83      82
     153       3      97      98      83
     154       3      83      98      84
     155       3      88      87      86
     156       3      89      99      90
     157       3      90      99     100
     158       3      91      90     100
     159       3     101      91     100
     160       3      92      91     101
     161       3     102      92     101
     162       3      92     102      93
     163       3     102     103      93
     164       3      93     103      94
     165       3     103      95      94
     166       3      95     103     104
     167       3      96      95     104
     168       3     104     105      96
     169       3      96     105      97
     170       3     106      97     105
     171       3      97     106      98
     172       3      99     107     100
     173       3     100     107     108
     174       3     100     108     101
     175       3     108     109     101
     176       3     102     101     109
     177       3     110     102     109
     178       3     102     110     103
     179       3     110     104     103
     180       3     110     111     104
     181       3     111     112     104
     182       3     104     112     105
     183       3     113     105     112
     184       3     106     105     113
     185       3     107     114     108
     186       3     108     114     115
     187       3     116     108     115
     188       3     116     109     108
     189       3     109     116     110
     190       3     116     111     110
     191       3     111     116     117
     192       3     118     111     117
     193       3     111     118     112
     194       3     119     112     118
     195       3     119     113     112
     196       3     120     116     115
     197       3     117     116     120
     198       3     120     121     117
     199       3     117     121     122
     200       3     117     122     118
     201       3     122     123     118
     202       3     119     118     123
     203       3     122     121     124
     204       3     122     124     125
     205       3     123     122     125
 0                    ! Number of open boundaries                               
 0                   ! Total number of open boundary nodes                      
 1 = Number of land boundaries                                                  
 16 = Total number of land boundary nodes                                       
      16       0  = Number of nodes for land boundary 1                         
      20
      39
      55
      70
      71
      86
      88
      89
      99
     107
     114
     115
     120
     121
     124
     125
