 Shinacock Inlet Coarse Grid                                                    
     206     125
       1     -0.726556641338E+02      0.404170658935E+02      0.470376586914E+02
       2     -0.726737540478E+02      0.404247592382E+02      0.464361267090E+02
       3     -0.726914177581E+02      0.404332598761E+02      0.458128128052E+02
       4     -0.727087486320E+02      0.404424216046E+02      0.451713790894E+02
       5     -0.727261905835E+02      0.404513619685E+02      0.445360183716E+02
       6     -0.727423159764E+02      0.404626242850E+02      0.439261169434E+02
       7     -0.727583103216E+02      0.404740722613E+02      0.436571159363E+02
       8     -0.727738215820E+02      0.404861593774E+02      0.426823348999E+02
       9     -0.727883340812E+02      0.404994234148E+02      0.416710357666E+02
      10     -0.728032999472E+02      0.405121450904E+02      0.404827919006E+02
      11     -0.728172274621E+02      0.405259344624E+02      0.392990646362E+02
      12     -0.726594229997E+02      0.404327233603E+02      0.464013710022E+02
      13     -0.726744009166E+02      0.404454200534E+02      0.456732254028E+02
      14     -0.726948131786E+02      0.404568900128E+02      0.448930397034E+02
      15     -0.727173471236E+02      0.404615956581E+02      0.443211250305E+02
      16     -0.727294775270E+02      0.404771212548E+02      0.441313629150E+02
      17     -0.727500192431E+02      0.404831023825E+02      0.434229202271E+02
      18     -0.727570332833E+02      0.405016661174E+02      0.423374252319E+02
      19     -0.727789365565E+02      0.405075806276E+02      0.415036468506E+02
      20     -0.727861216081E+02      0.405266682622E+02      0.401084938049E+02
      21     -0.728068581504E+02      0.405337750133E+02      0.390716285706E+02
      22     -0.726505008380E+02      0.404451040224E+02      0.460257987976E+02
      23     -0.726608267364E+02      0.404577577930E+02      0.453957366943E+02
      24     -0.726759898706E+02      0.404655924978E+02      0.449629898071E+02
      25     -0.726895311491E+02      0.404778595625E+02      0.443631591797E+02
      26     -0.727082920190E+02      0.404759716799E+02      0.443184738159E+02
      27     -0.727203742855E+02      0.404923726499E+02      0.435560874939E+02
      28     -0.727384283393E+02      0.404930216174E+02      0.431878280640E+02
      29     -0.727344308446E+02      0.405084129848E+02      0.424843444824E+02
      30     -0.727505469530E+02      0.405203285952E+02      0.415648956299E+02
      31     -0.727676901509E+02      0.405178101149E+02      0.412736434937E+02
      32     -0.727656009679E+02      0.405332284661E+02      0.404102172852E+02
      33     -0.727784411446E+02      0.405457328071E+02      0.392563629150E+02
      34     -0.727946982597E+02      0.405434994276E+02      0.387784080505E+02
      35     -0.727911732518E+02      0.405592931050E+02      0.380879592896E+02
      36     -0.726269164250E+02      0.404666304503E+02      0.451974601746E+02
      37     -0.726432754967E+02      0.404606545881E+02      0.453693504333E+02
      38     -0.726577718056E+02      0.404731547278E+02      0.446824035645E+02
      39     -0.726711497019E+02      0.404843573652E+02      0.441154136658E+02
      40     -0.726833887919E+02      0.404958984483E+02      0.435902519226E+02
      41     -0.727012908282E+02      0.404931568524E+02      0.436488571167E+02
      42     -0.727128490403E+02      0.405072772363E+02      0.429631004333E+02
      43     -0.727209061824E+02      0.405201342629E+02      0.421501312256E+02
      44     -0.727341107784E+02      0.405266977178E+02      0.415461006165E+02
      45     -0.727474138980E+02      0.405385032822E+02      0.406455993652E+02
      46     -0.727614585555E+02      0.405499612521E+02      0.396556015015E+02
      47     -0.727731392322E+02      0.405639299982E+02      0.384752464294E+02
      48     -0.726254465884E+02      0.404854272147E+02      0.442927207947E+02
      49     -0.726408773965E+02      0.404781792438E+02      0.445467376709E+02
      50     -0.726538945084E+02      0.404900811804E+02      0.438794326782E+02
      51     -0.726649427244E+02      0.405031755501E+02      0.432349205017E+02
      52     -0.726775564769E+02      0.405104767545E+02      0.429071922302E+02
      53     -0.726942145776E+02      0.405105664441E+02      0.429184265137E+02
      54     -0.727055917426E+02      0.405232204706E+02      0.422154350281E+02
      55     -0.727165251244E+02      0.405359952409E+02      0.413776054382E+02
      56     -0.727300457131E+02      0.405406829731E+02      0.408687629700E+02
      57     -0.727345629433E+02      0.405507233074E+02      0.402416954041E+02
      58     -0.727457980084E+02      0.405555425057E+02      0.397014732361E+02
      59     -0.727555647239E+02      0.405652417281E+02      0.389139633179E+02
      60     -0.726122491575E+02      0.404964403390E+02      0.438828239441E+02
      61     -0.726240596549E+02      0.405030150681E+02      0.434590225220E+02
      62     -0.726379535433E+02      0.404948563581E+02      0.437497444153E+02
      63     -0.726478080793E+02      0.405064519210E+02      0.431180610657E+02
      64     -0.726536713343E+02      0.405178569262E+02      0.425420379639E+02
      65     -0.726658816297E+02      0.405230615014E+02      0.422622795105E+02
      66     -0.726804616051E+02      0.405223756147E+02      0.422927169800E+02
      67     -0.726906603683E+02      0.405284538137E+02      0.418916511536E+02
      68     -0.727001254601E+02      0.405389211480E+02      0.412095260620E+02
      69     -0.727063983327E+02      0.405496703545E+02      0.405137863159E+02
      70     -0.727192117309E+02      0.405540626850E+02      0.402222633362E+02
      71     -0.727301392297E+02      0.405643242957E+02      0.395881309509E+02
      72     -0.727411129982E+02      0.405695443162E+02      0.390749130249E+02
      73     -0.727460909590E+02      0.405803988683E+02      0.384155654907E+02
      74     -0.725979621620E+02      0.405085252540E+02      0.435662155151E+02
      75     -0.726117842584E+02      0.405129705370E+02      0.432047004700E+02
      76     -0.726238160485E+02      0.405201235657E+02      0.427541275024E+02
      77     -0.726345146927E+02      0.405101758806E+02      0.430283813477E+02
      78     -0.726384034870E+02      0.405243275405E+02      0.423927688599E+02
      79     -0.726507045704E+02      0.405325964549E+02      0.418738822937E+02
      80     -0.726610714802E+02      0.405394085151E+02      0.413447418213E+02
      81     -0.726744743448E+02      0.405374066765E+02      0.413303070068E+02
      82     -0.726869472731E+02      0.405423584366E+02      0.409996490479E+02
      83     -0.726915582900E+02      0.405555478178E+02      0.401462516785E+02
      84     -0.727044131971E+02      0.405638007279E+02      0.396462249756E+02
      85     -0.727165918020E+02      0.405715171471E+02      0.392224578857E+02
      86     -0.727294038679E+02      0.405812287067E+02      0.386181907654E+02
      87     -0.727385831153E+02      0.405943086569E+02      0.377933082581E+02
      88     -0.726009858720E+02      0.405229315482E+02      0.429311752319E+02
      89     -0.726111926240E+02      0.405290053308E+02      0.425487098694E+02
      90     -0.726237007321E+02      0.405362970607E+02      0.420868644714E+02
      91     -0.726378611210E+02      0.405409422554E+02      0.417149887085E+02
      92     -0.726496723084E+02      0.405492326629E+02      0.411989936829E+02
      93     -0.726635491222E+02      0.405543520969E+02      0.406587409973E+02
      94     -0.726777554266E+02      0.405516584814E+02      0.404390869141E+02
      95     -0.726758497270E+02      0.405656088436E+02      0.398952674866E+02
      96     -0.726903012418E+02      0.405709243636E+02      0.393409957886E+02
      97     -0.727020601574E+02      0.405793187876E+02      0.388451538086E+02
      98     -0.727137731758E+02      0.405869850416E+02      0.383786773682E+02
      99     -0.727238831754E+02      0.405976377341E+02      0.376492156982E+02
     100     -0.725962231556E+02      0.405380614859E+02      0.423573989868E+02
     101     -0.726086229237E+02      0.405422579108E+02      0.420337104797E+02
     102     -0.726144391096E+02      0.405521271738E+02      0.415531425476E+02
     103     -0.726269613039E+02      0.405500142070E+02      0.414804420471E+02
     104     -0.726370332926E+02      0.405567921815E+02      0.410728874207E+02
     105     -0.726481403633E+02      0.405661266882E+02      0.405249786377E+02
     106     -0.726613050937E+02      0.405690585234E+02      0.400933380127E+02
     107     -0.726662593750E+02      0.405806585589E+02      0.394511184692E+02
     108     -0.726785934588E+02      0.405792534714E+02      0.392121009827E+02
     109     -0.726883026784E+02      0.405860144900E+02      0.386922416687E+02
     110     -0.726986026971E+02      0.405955780787E+02      0.381598052979E+02
     111     -0.727109392278E+02      0.406004745050E+02      0.376423912048E+02
     112     -0.726522437567E+02      0.405807464583E+02      0.397886810303E+02
     113     -0.726580355947E+02      0.405940151630E+02      0.389062156677E+02
     114     -0.726728215554E+02      0.405931818289E+02      0.387249374390E+02
     115     -0.726849703581E+02      0.405984821346E+02      0.381877975464E+02
     116     -0.726878845302E+02      0.406113964576E+02      0.374392166138E+02
     117     -0.727018465085E+02      0.406092410041E+02      0.373074073792E+02
     118     -0.726986356479E+02      0.406226517579E+02      0.365521163940E+02
     119     -0.726454383057E+02      0.405930577665E+02      0.391361160278E+02
     120     -0.726467911767E+02      0.406068785865E+02      0.382710838318E+02
     121     -0.726625046801E+02      0.406068314870E+02      0.380685424805E+02
     122     -0.726754285863E+02      0.406064722391E+02      0.379214477539E+02
     123     -0.726707839539E+02      0.406196058665E+02      0.371695785522E+02
     124     -0.726838851117E+02      0.406248871549E+02      0.366561660767E+02
     125     -0.726547610417E+02      0.406194266521E+02      0.373989906311E+02
       1       3      12       2       1
       2       3      13       2      12
       3       3       3       2      13
       4       3      14       3      13
       5       3       4       3      14
       6       3      15       4      14
       7       3       5       4      15
       8       3       6       5      15
       9       3       6      15      16
      10       3      17       6      16
      11       3       7       6      17
      12       3       7      17       8
      13       3       8      17      18
      14       3      19       8      18
      15       3      19       9       8
      16       3       9      19      10
      17       3      10      19      20
      18       3      10      20      21
      19       3      10      21      11
      20       3      12      22      13
      21       3      13      22      23
      22       3      13      23      24
      23       3      14      13      24
      24       3      25      14      24
      25       3      14      25      26
      26       3      15      14      26
      27       3      15      26      16
      28       3      16      26      27
      29       3      16      27      28
      30       3      17      16      28
      31       3      17      28      18
      32       3      29      18      28
      33       3      29      30      18
      34       3      31      18      30
      35       3      31      19      18
      36       3      31      20      19
      37       3      20      31      32
      38       3      32      33      20
      39       3      34      20      33
      40       3      34      21      20
      41       3      23      22      37
      42       3      23      37      38
      43       3      38      24      23
      44       3      38      39      24
      45       3      25      24      39
      46       3      39      40      25
      47       3      25      40      41
      48       3      41      26      25
      49       3      27      26      41
      50       3      27      41      42
      51       3      29      27      42
      52       3      27      29      28
      53       3      29      42      43
      54       3      44      29      43
      55       3      44      30      29
      56       3      30      44      45
      57       3      30      45      32
      58       3      31      30      32
      59       3      32      45      46
      60       3      46      33      32
      61       3      33      46      47
      62       3      33      47      35
      63       3      34      33      35
      64       3      49      36      48
      65       3      37      36      49
      66       3      37      49      38
      67       3      38      49      50
      68       3      38      50      39
      69       3      39      50      51
      70       3      40      39      51
      71       3      40      51      52
      72       3      52      53      40
      73       3      53      41      40
      74       3      41      53      42
      75       3      42      53      54
      76       3      42      54      43
      77       3      43      54      55
      78       3      55      44      43
      79       3      55      56      44
      80       3      44      56      45
      81       3      57      45      56
      82       3      57      58      45
      83       3      45      58      46
      84       3      46      58      59
      85       3      46      59      47
      86       3      48      60      61
      87       3      62      48      61
      88       3      49      48      62
      89       3      49      62      50
      90       3      50      62      63
      91       3      50      63      51
      92       3      51      63      64
      93       3      51      64      65
      94       3      52      51      65
      95       3      52      65      66
      96       3      66      53      52
      97       3      66      67      53
      98       3      53      67      54
      99       3      54      67      68
     100       3      54      68      55
     101       3      69      55      68
     102       3      69      70      55
     103       3      70      56      55
     104       3      70      57      56
     105       3      57      70      71
     106       3      58      57      71
     107       3      58      71      72
     108       3      58      72      59
     109       3      59      72      73
     110       3      74      75      60
     111       3      60      75      61
     112       3      76      61      75
     113       3      77      61      76
     114       3      62      61      77
     115       3      62      77      63
     116       3      63      77      78
     117       3      63      78      64
     118       3      79      64      78
     119       3      79      65      64
     120       3      79      80      65
     121       3      65      80      81
     122       3      66      65      81
     123       3      81      67      66
     124       3      81      82      67
     125       3      67      82      68
     126       3      83      68      82
     127       3      83      69      68
     128       3      69      83      84
     129       3      70      69      84
     130       3      70      84      85
     131       3      70      85      71
     132       3      86      71      85
     133       3      86      72      71
     134       3      86      73      72
     135       3      73      86      87
     136       3      75      74      88
     137       3      75      88      89
     138       3      89      76      75
     139       3      76      89      90
     140       3      78      76      90
     141       3      77      76      78
     142       3      78      90      91
     143       3      91      79      78
     144       3      79      91      92
     145       3      80      79      92
     146       3      80      92      93
     147       3      93      81      80
     148       3      93      94      81
     149       3      82      81      94
     150       3      82      94      83
     151       3      83      94      95
     152       3      83      95      96
     153       3      83      96      84
     154       3      84      96      97
     155       3      97      85      84
     156       3      97      98      85
     157       3      98      86      85
     158       3      86      98      99
     159       3      86      99      87
     160       3      89      88     100
     161       3      89     100     101
     162       3      89     101      90
     163       3     102      90     101
     164       3     102     103      90
     165       3      91      90     103
     166       3      91     103     104
     167       3      91     104      92
     168       3      92     104     105
     169       3      93      92     105
     170       3      93     105     106
     171       3      93     106      95
     172       3      94      93      95
     173       3      95     106     107
     174       3      95     107     108
     175       3      96      95     108
     176       3      96     108     109
     177       3      96     109      97
     178       3     110      97     109
     179       3      98      97     110
     180       3      98     110     111
     181       3      98     111      99
     182       3     106     105     112
     183       3     106     112     107
     184       3     107     112     113
     185       3     107     113     114
     186       3     108     107     114
     187       3     109     108     114
     188       3     109     114     115
     189       3     115     110     109
     190       3     116     110     115
     191       3     116     117     110
     192       3     117     111     110
     193       3     112     119     113
     194       3     113     119     120
     195       3     113     120     121
     196       3     114     113     121
     197       3     114     121     122
     198       3     115     114     122
     199       3     115     122     116
     200       3     116     122     123
     201       3     116     123     124
     202       3     124     118     116
     203       3     118     117     116
     204       3     125     121     120
     205       3     125     123     121
     206       3     123     122     121
 1                    ! Number of open boundaries                               
 11                   ! Total number of open boundary nodes                     
 11                   ! Number of nodes for open boundary 1                     
          11
          10
           9
           8
           7
           6
           5
           4
           3
           2
           1
 0 = Number of land boundaries                                                  
 0 = Total number of land boundary nodes                                        
