RES NODE           0          92
                   2           3           4           5           6           7
                   8           9          10          13          14          15
                  16          17          18          19          20          23
                  24          25          26          27          28          29
                  30          31          32          33          38          39
                  40          41          42          43          44          45
                  46          49          50          51          52          53
                  54          55          56          57          58          61
                  62          63          64          65          66          67
                  68          69          70          71          72          75
                  76          77          78          79          80          81
                  82          83          84          85          86          89
                  90          91          92          93          94          95
                  96          97          98         106         107         108
                 109         110         113         114         115         116
                 121         122
COMM PE            4
RECV PE            1          12
                  88         100         101         102         103         104
                 105         112         119         120         123         125
RECV PE            3           8
                   1          12          22          36          37          48
                  60          74
RECV PE            4           6
                  87          99         111         117         118         124
RECV PE            5           7
                  11          21          34          35          47          59
                  73
SEND PE            1          12
                  75          89          90          91          92          93
                 106         107         113         116         121         122
SEND PE            3           8
                   2          13          23          38          49          61
                  62          75
SEND PE            4           4
                  86          98         110         116
SEND PE            5           7
                  10          20          33          46          58          72
                  86
